3730741570.836	292.281	292.448	292.160	0.000	292.143	0.000	292.082	291.731	0.000	155.000	166.000	0.000	0.000	0.000	0.000	292.193	0.000	0.000	0.000	0.000	-0.142	1.305	6.290	0.178	-376.800	87.191	0.000	0.100	0.100	757.740	376.800	0.000	0.000	837.889	0.000	0.000	0.000	1.000	-7.700	-25.200	164.300	114.200	7.700
3730741606.714	292.272	292.456	292.152	0.000	292.149	0.000	292.082	291.724	0.000	155.000	166.000	0.000	0.000	0.000	0.000	292.173	0.000	0.000	0.000	0.000	0.464	-1.266	3.719	0.185	-376.800	92.986	0.000	0.100	0.100	757.740	376.800	0.000	0.000	858.971	0.000	0.000	0.000	1.000	-7.700	-24.600	164.300	114.800	8.300
3730741609.715	292.275	292.460	292.165	0.000	292.159	0.000	292.094	291.736	0.000	155.000	166.000	0.000	0.000	0.000	0.000	292.181	0.000	0.000	0.000	0.000	-0.142	-1.266	1.149	0.181	-376.800	93.079	0.000	0.100	0.100	766.341	376.800	0.000	0.000	822.463	0.000	0.000	0.000	1.000	-7.700	-24.600	164.300	117.400	8.300
3730741612.714	292.283	292.455	292.168	0.000	292.150	0.000	292.088	291.741	0.000	155.000	166.000	0.000	0.000	0.000	0.000	292.171	0.000	0.000	0.000	0.000	0.161	3.876	-1.422	0.181	-376.800	92.430	0.000	0.100	0.100	762.431	376.800	0.000	0.000	851.773	0.000	0.000	0.000	1.000	-7.700	-24.600	164.300	112.900	8.300
3730741615.715	292.267	292.455	292.160	0.000	292.159	0.000	292.078	291.735	0.000	155.000	166.000	0.000	0.000	0.000	0.000	292.171	0.000	0.000	0.000	0.000	-0.142	-1.266	3.719	0.185	-376.800	93.217	0.000	0.100	0.100	763.213	376.800	0.000	0.000	870.798	0.000	0.000	0.000	1.000	-7.700	-24.600	164.100	115.500	8.300
3730741618.715	292.288	292.464	292.168	0.000	292.157	0.000	292.097	291.739	0.000	155.000	166.000	0.000	0.000	0.000	0.000	292.178	0.000	0.000	0.000	0.000	0.161	1.305	3.719	0.181	-376.800	93.078	0.000	0.100	0.100	762.431	376.800	0.000	0.000	818.349	0.000	0.000	0.000	1.000	-7.700	-24.600	164.300	114.200	7.700
3730741621.714	292.288	292.453	292.167	0.000	292.158	0.000	292.097	291.739	0.000	155.000	166.000	0.000	0.000	0.000	0.000	292.172	0.000	0.000	0.000	0.000	-0.142	1.305	3.719	0.171	-376.800	92.660	0.000	0.100	0.100	759.303	376.800	0.000	0.000	845.602	0.000	0.000	0.000	1.000	-7.700	-24.600	164.300	111.000	8.300
3730741624.714	292.276	292.450	292.161	0.000	292.151	0.000	292.083	291.730	0.000	155.000	166.000	0.000	0.000	0.000	0.000	292.175	0.000	0.000	0.000	0.000	0.464	1.305	1.149	0.181	-376.800	92.845	0.000	0.100	0.100	763.995	376.800	0.000	0.000	873.369	0.000	0.000	0.000	1.000	-7.700	-24.600	164.300	114.800	8.300
3730741627.714	292.274	292.466	292.171	0.000	292.156	0.000	292.096	291.737	0.000	155.000	166.000	0.000	0.000	0.000	0.000	292.180	0.000	0.000	0.000	0.000	-0.142	-3.836	1.149	0.185	-376.800	92.242	0.000	0.100	0.100	765.558	376.800	0.000	0.000	828.119	0.000	0.000	0.000	1.000	-7.700	-24.600	164.300	112.900	8.300
3730741630.713	292.274	292.464	292.164	0.000	292.157	0.000	292.096	291.734	0.000	155.000	166.000	0.000	0.000	0.000	0.000	292.168	0.000	0.000	0.000	0.000	0.161	-1.266	1.149	0.189	-376.800	92.845	0.000	0.100	0.100	761.649	376.800	0.000	0.000	839.946	0.000	0.000	0.000	1.000	-7.700	-24.600	164.300	115.500	7.700
3730741633.714	292.281	292.463	292.165	0.000	292.164	0.000	292.099	291.745	0.000	155.000	166.000	0.000	0.000	0.000	0.000	292.182	0.000	0.000	0.000	0.000	-0.142	-1.266	1.149	0.189	-376.800	93.123	0.000	0.100	0.100	763.213	376.800	0.000	0.000	867.713	0.000	0.000	0.000	1.000	-7.700	-24.600	164.300	117.400	8.300
3730741636.715	292.279	292.468	292.167	0.000	292.167	0.000	292.100	291.750	0.000	155.000	166.000	0.000	0.000	0.000	0.000	292.175	0.000	0.000	0.000	0.000	-0.142	1.305	1.149	0.181	-376.800	92.567	0.000	0.100	0.100	767.904	376.800	0.000	0.000	838.917	0.000	0.000	0.000	1.000	-7.700	-24.600	164.300	116.100	7.700
3730741639.715	292.283	292.452	292.171	0.000	292.160	0.000	292.099	291.735	0.000	155.000	166.000	0.000	0.000	0.000	0.000	292.188	0.000	0.000	0.000	0.000	0.464	1.305	6.290	0.178	-376.800	93.217	0.000	0.100	0.100	762.431	376.800	0.000	0.000	834.804	0.000	0.000	0.000	1.000	-7.700	-24.600	164.300	115.500	8.300
3730741642.715	292.287	292.480	292.172	0.000	292.162	0.000	292.095	291.754	0.000	155.000	166.000	0.000	0.000	0.000	0.000	292.179	0.000	0.000	0.000	0.000	-0.142	-1.266	3.719	0.185	-376.800	92.707	0.000	0.100	0.100	760.086	376.800	0.000	0.000	862.571	0.000	0.000	0.000	1.000	-7.700	-24.600	164.300	116.100	8.300
3730741645.714	292.283	292.465	292.171	0.000	292.164	0.000	292.102	291.747	0.000	155.000	166.000	0.000	0.000	0.000	0.000	292.176	0.000	0.000	0.000	0.000	0.161	-1.266	3.719	0.185	-376.800	92.939	0.000	0.100	0.100	764.777	376.800	0.000	0.000	849.716	0.000	0.000	0.000	1.000	-7.700	-24.600	164.300	112.300	7.700
3730741648.715	292.277	292.465	292.174	0.000	292.162	0.000	292.103	291.748	0.000	155.000	166.000	0.000	0.000	0.000	0.000	292.180	0.000	0.000	0.000	0.000	-0.142	3.876	1.149	0.181	-376.800	93.218	0.000	0.100	0.100	765.559	376.800	0.000	0.000	828.119	0.000	0.000	0.000	1.000	-7.700	-24.600	164.300	114.200	7.700
3730741651.715	292.287	292.466	292.167	0.000	292.169	0.000	292.111	291.753	0.000	155.000	166.000	0.000	0.000	0.000	0.000	292.178	0.000	0.000	0.000	0.000	0.161	-1.266	6.290	0.181	-376.800	92.754	0.000	0.100	0.100	756.176	376.800	0.000	0.000	856.400	0.000	0.000	0.000	1.000	-7.700	-24.600	164.300	116.100	7.700
3730741654.713	292.281	292.466	292.165	0.000	292.161	0.000	292.098	291.747	0.000	155.000	166.000	0.000	0.000	0.000	0.000	292.175	0.000	0.000	0.000	0.000	-0.142	-1.266	3.719	0.189	-376.800	93.218	0.000	0.100	0.100	765.559	376.800	0.000	0.000	859.486	0.000	0.000	0.000	1.000	-7.700	-24.600	164.300	116.100	7.700
3730741657.715	292.280	292.465	292.166	0.000	292.151	0.000	292.089	291.742	0.000	155.000	166.000	0.000	0.000	0.000	0.000	292.178	0.000	0.000	0.000	0.000	-0.142	1.305	3.719	0.185	-376.800	92.847	0.000	0.100	0.100	756.958	376.800	0.000	0.000	822.463	0.000	0.000	0.000	1.000	-7.700	-24.600	164.300	113.600	7.700
3730741660.714	292.275	292.473	292.165	0.000	292.149	0.000	292.094	291.752	0.000	155.000	166.000	0.000	0.000	0.000	0.000	292.180	0.000	0.000	0.000	0.000	-0.142	1.305	3.719	0.181	-376.800	93.078	0.000	0.100	0.100	754.612	376.800	0.000	0.000	851.773	0.000	0.000	0.000	1.000	-7.700	-24.600	164.300	111.000	7.700
3730741663.715	292.287	292.479	292.170	0.000	292.164	0.000	292.097	291.748	0.000	155.000	166.000	0.000	0.000	0.000	0.000	292.190	0.000	0.000	0.000	0.000	-0.142	1.305	3.719	0.181	-376.800	92.986	0.000	0.100	0.100	765.559	376.800	0.000	0.000	870.284	0.000	0.000	0.000	1.000	-7.700	-24.600	164.300	113.600	5.700
3730741666.715	292.273	292.474	292.176	0.000	292.164	0.000	292.100	291.749	0.000	155.000	166.000	0.000	0.000	0.000	0.000	292.179	0.000	1.000	1.000	0.000	-0.142	1.305	3.719	0.181	-376.800	93.125	0.000	0.100	0.100	762.431	376.800	0.000	0.000	818.349	0.000	0.000	0.000	1.000	-7.700	-24.600	164.300	117.400	8.300
3730741669.715	292.277	292.470	292.158	0.000	292.155	0.000	292.096	291.735	0.000	155.000	166.000	0.000	0.000	0.000	0.000	292.174	0.000	1.000	1.000	0.000	-0.142	1.305	1.149	0.181	-376.800	92.336	0.000	0.100	0.100	760.085	376.800	0.000	0.000	845.602	0.000	0.000	0.000	1.000	-7.300	-24.100	164.300	114.200	7.000
3730741672.715	292.283	292.478	292.175	0.000	292.153	0.000	292.103	291.753	0.000	155.000	166.000	0.000	0.000	0.000	0.000	292.174	0.000	1.000	1.000	0.000	0.161	1.305	3.719	0.181	-376.800	92.985	0.000	0.100	0.100	759.303	376.800	0.000	0.000	872.855	0.000	0.000	0.000	1.000	-8.200	-25.200	163.900	119.300	12.800
3730741675.715	292.285	292.488	292.176	0.000	292.171	0.000	292.108	291.755	0.000	155.000	166.000	0.000	0.000	0.000	0.000	292.178	0.000	1.000	1.000	0.000	0.464	1.305	1.149	0.185	-376.800	92.938	0.000	0.100	0.100	763.213	376.800	0.000	0.000	828.119	0.000	0.000	0.000	1.000	-8.200	-25.200	163.700	117.400	10.200
3730741678.715	292.276	292.482	292.162	0.000	292.167	0.000	292.100	291.743	0.000	155.000	166.000	0.000	0.000	0.000	0.000	292.178	0.000	1.000	1.000	0.000	0.161	6.446	1.149	0.185	-376.800	92.892	0.000	0.100	0.100	762.431	376.800	0.000	0.000	839.946	0.000	0.000	0.000	1.000	-9.200	-25.200	163.200	119.300	12.800
3730741681.714	292.283	292.492	292.173	0.000	292.170	0.000	292.102	291.751	0.000	155.000	166.000	0.000	0.000	0.000	0.000	292.174	0.000	1.000	1.000	0.000	-0.142	-1.266	1.149	0.181	-376.800	92.289	0.000	0.100	0.100	761.649	376.800	0.000	0.000	867.713	0.000	0.000	0.000	1.000	-9.200	-24.600	163.000	124.400	14.000
3730741684.714	292.297	292.493	292.183	0.000	292.162	0.000	292.118	291.760	0.000	155.000	166.000	0.000	0.000	0.000	0.000	292.191	0.000	1.000	1.000	0.000	-0.142	1.305	3.719	0.181	-376.800	92.567	0.000	0.100	0.100	763.995	376.800	0.000	0.000	838.917	0.000	0.000	0.000	1.000	-9.200	-24.600	162.800	121.900	10.800
3730741687.714	292.283	292.490	292.179	0.000	292.167	0.000	292.107	291.753	0.000	155.000	166.000	0.000	0.000	0.000	0.000	292.180	0.000	1.000	1.000	0.000	-0.142	-1.266	6.290	0.185	-376.800	92.845	0.000	0.100	0.100	754.612	376.800	0.000	0.000	833.775	0.000	0.000	0.000	1.000	-9.700	-25.200	162.600	123.800	13.400
3730741690.714	292.294	292.498	292.185	0.000	292.167	0.000	292.113	291.769	0.000	155.000	166.000	0.000	0.000	0.000	0.000	292.194	0.000	1.000	1.000	0.000	-0.142	1.305	1.149	0.185	-376.800	93.308	0.000	0.100	0.100	763.994	376.800	0.000	0.000	862.057	0.000	0.000	0.000	1.000	-10.800	-25.200	162.100	124.400	14.700
3730741693.714	292.291	292.493	292.176	0.000	292.171	0.000	292.110	291.762	0.000	155.000	166.000	0.000	0.000	0.000	0.000	292.183	0.000	1.000	1.000	0.000	0.161	1.305	3.719	0.181	-376.800	92.659	0.000	0.100	0.100	761.649	376.800	0.000	0.000	849.716	0.000	0.000	0.000	1.000	-10.800	-25.200	161.700	125.700	10.800
3730741696.714	292.285	292.485	292.171	0.000	292.169	0.000	292.106	291.764	0.000	155.000	166.000	0.000	0.000	0.000	0.000	292.181	0.000	1.000	1.000	0.000	-0.142	1.305	3.719	0.178	-376.800	92.984	0.000	0.100	0.100	758.521	376.800	0.000	0.000	827.605	0.000	0.000	0.000	1.000	-11.200	-25.700	161.000	124.400	11.500
3730741699.715	292.285	292.495	292.182	0.000	292.163	0.000	292.121	291.769	0.000	155.000	166.000	0.000	0.000	0.000	0.000	292.190	0.000	1.000	1.000	0.000	-0.142	1.305	1.149	0.185	-376.800	92.937	0.000	0.100	0.100	763.213	376.800	0.000	0.000	856.400	0.000	0.000	0.000	1.000	-11.800	-25.700	160.400	127.000	14.700
3730741702.714	292.284	292.492	292.174	0.000	292.169	0.000	292.111	291.756	0.000	155.000	166.000	0.000	0.000	0.000	0.000	292.186	0.000	1.000	1.000	0.000	0.161	3.876	1.149	0.181	-376.800	92.845	0.000	0.100	0.100	765.558	376.800	0.000	0.000	860.514	0.000	0.000	0.000	1.000	-11.800	-25.700	160.100	130.800	10.200
3730741705.714	292.295	292.492	292.177	0.000	292.175	0.000	292.115	291.765	0.000	155.000	166.000	0.000	0.000	0.000	0.000	292.197	0.000	1.000	1.000	0.000	0.161	-1.266	3.719	0.181	-376.800	93.077	0.000	0.100	0.100	755.394	376.800	0.000	0.000	822.463	0.000	0.000	0.000	1.000	-12.800	-26.300	159.800	130.200	10.200
3730741708.714	292.287	292.490	292.174	0.000	292.168	0.000	292.105	291.753	0.000	155.000	166.000	0.000	0.000	0.000	0.000	292.180	0.000	1.000	1.000	0.000	-0.142	-1.266	6.290	0.181	-376.800	92.799	0.000	0.100	0.100	752.266	376.800	0.000	0.000	851.258	0.000	0.000	0.000	1.000	-12.800	-25.700	159.400	132.100	14.700
3730741711.714	292.293	292.488	292.183	0.000	292.176	0.000	292.116	291.758	0.000	155.000	166.000	0.000	0.000	0.000	0.000	292.193	0.000	1.000	1.000	0.000	-0.142	-1.266	1.149	0.189	-376.800	92.846	0.000	0.100	0.100	763.995	376.800	0.000	0.000	871.827	0.000	0.000	0.000	1.000	-12.200	-25.700	159.200	133.300	10.800
3730741714.714	292.298	292.484	292.182	0.000	292.171	0.000	292.126	291.779	0.000	155.000	166.000	0.000	0.000	0.000	0.000	292.193	0.000	1.000	1.000	0.000	0.161	3.876	3.719	0.185	-376.800	93.356	0.000	0.100	0.100	763.995	376.800	0.000	0.000	818.863	0.000	0.000	0.000	1.000	-12.200	-25.200	158.700	134.600	14.700
3730741717.714	292.290	292.489	292.165	0.000	292.163	0.000	292.117	291.760	0.000	155.000	166.000	0.000	0.000	0.000	0.000	292.184	0.000	1.000	1.000	0.000	-0.445	3.876	3.719	0.181	-376.800	93.032	0.000	0.100	0.100	760.867	376.800	0.000	0.000	845.088	0.000	0.000	0.000	1.000	-12.200	-25.700	158.300	131.400	10.800
3730741720.714	292.279	292.481	292.174	0.000	292.164	0.000	292.112	291.760	0.000	155.000	166.000	0.000	0.000	0.000	0.000	292.191	0.000	0.000	0.000	0.000	-0.142	1.305	1.149	0.189	-376.800	92.522	0.000	0.100	0.100	749.921	376.800	0.000	0.000	872.855	0.000	0.000	0.000	1.000	-13.200	-26.300	157.600	134.000	14.700
3730741723.715	292.277	292.470	292.162	0.000	292.155	0.000	292.110	291.757	0.000	155.000	166.000	0.000	0.000	0.000	0.000	292.181	0.000	0.000	0.000	0.000	-0.142	3.876	1.149	0.181	-376.800	92.847	0.000	0.100	0.100	756.958	376.800	0.000	0.000	829.148	0.000	0.000	0.000	1.000	-12.800	-25.700	157.100	137.800	10.800
3730741726.714	292.290	292.471	292.168	0.000	292.157	0.000	292.110	291.752	0.000	155.000	166.000	0.000	0.000	0.000	0.000	292.176	0.000	0.000	0.000	0.000	-0.142	-1.266	1.149	0.178	-376.800	92.847	0.000	0.100	0.100	757.740	376.800	0.000	0.000	839.946	0.000	0.000	0.000	1.000	-12.800	-25.700	156.600	135.300	8.900
3730741729.713	292.283	292.476	292.170	0.000	292.162	0.000	292.110	291.758	0.000	155.000	166.000	0.000	0.000	0.000	0.000	292.182	0.000	0.000	0.000	0.000	-0.142	-1.266	3.719	0.181	-376.800	93.218	0.000	0.100	0.100	760.085	376.800	0.000	0.000	867.713	0.000	0.000	0.000	1.000	-12.800	-25.700	156.200	138.400	10.200
3730741732.715	292.276	292.480	292.176	0.000	292.159	0.000	292.111	291.749	0.000	155.000	166.000	0.000	0.000	0.000	0.000	292.183	0.000	0.000	0.000	0.000	0.464	1.305	1.149	0.185	-376.800	92.754	0.000	0.100	0.100	760.085	376.800	0.000	0.000	838.917	0.000	0.000	0.000	1.000	-12.800	-25.700	156.400	141.000	9.600
3730741735.714	292.277	292.480	292.178	0.000	292.163	0.000	292.109	291.759	0.000	155.000	166.000	0.000	0.000	0.000	0.000	292.178	0.000	0.000	0.000	0.000	0.161	1.305	1.149	0.185	-376.800	92.985	0.000	0.100	0.100	767.123	376.800	0.000	0.000	833.775	0.000	0.000	0.000	1.000	-12.200	-25.700	157.400	135.300	9.600
3730741738.714	292.287	292.485	292.186	0.000	292.166	0.000	292.115	291.760	0.000	155.000	166.000	0.000	0.000	0.000	0.000	292.188	0.000	0.000	0.000	0.000	-0.142	-1.266	6.290	0.181	-376.800	92.892	0.000	0.100	0.100	757.739	376.800	0.000	0.000	861.542	0.000	0.000	0.000	1.000	-12.200	-25.700	157.900	139.100	8.900
3730741741.714	292.291	292.490	292.185	0.000	292.168	0.000	292.112	291.761	0.000	155.000	166.000	0.000	0.000	0.000	0.000	292.191	0.000	0.000	0.000	0.000	-0.445	-1.266	1.149	0.178	-376.800	92.938	0.000	0.100	0.100	762.431	376.800	0.000	0.000	849.716	0.000	0.000	0.000	1.000	-12.800	-25.700	158.500	137.200	7.000
3730741744.713	292.278	292.483	292.176	0.000	292.168	0.000	292.109	291.757	0.000	155.000	166.000	0.000	0.000	0.000	0.000	292.171	0.000	0.000	0.000	0.000	0.161	-1.266	1.149	0.185	-376.800	92.845	0.000	0.100	0.100	756.176	376.800	0.000	0.000	827.605	0.000	0.000	0.000	1.000	-12.200	-25.200	159.000	134.000	8.300
3730741747.714	292.284	292.488	292.188	0.000	292.166	0.000	292.102	291.757	0.000	155.000	166.000	0.000	0.000	0.000	0.000	292.180	0.000	0.000	0.000	0.000	-0.142	-1.266	3.719	0.174	-376.800	92.706	0.000	0.100	0.100	752.266	376.800	0.000	0.000	856.915	0.000	0.000	0.000	1.000	-12.200	-25.200	159.800	134.600	7.000
3730741750.714	292.281	292.492	292.182	0.000	292.166	0.000	292.111	291.760	0.000	155.000	166.000	0.000	0.000	0.000	0.000	292.177	0.000	0.000	0.000	0.000	0.161	1.305	3.719	0.174	-376.800	92.427	0.000	0.100	0.100	769.468	376.800	0.000	0.000	860.514	0.000	0.000	0.000	1.000	-12.800	-25.200	160.400	139.700	7.700
3730741753.714	292.291	292.496	292.182	0.000	292.169	0.000	292.101	291.763	0.000	155.000	166.000	0.000	0.000	0.000	0.000	292.190	0.000	0.000	0.000	0.000	-0.445	1.305	3.719	0.185	-376.800	93.586	0.000	0.100	0.100	763.994	376.800	0.000	0.000	821.434	0.000	0.000	0.000	1.000	-12.200	-25.200	160.800	137.200	8.300
3730741756.714	292.283	292.492	292.176	0.000	292.168	0.000	292.124	291.758	0.000	155.000	166.000	0.000	0.000	0.000	0.000	292.192	0.000	0.000	0.000	0.000	-0.142	-3.836	3.719	0.185	-376.800	93.401	0.000	0.100	0.100	763.213	376.800	0.000	0.000	850.744	0.000	0.000	0.000	1.000	-11.800	-25.200	161.300	123.100	17.200
3730741759.714	292.287	292.487	292.178	0.000	292.176	0.000	292.110	291.765	0.000	155.000	166.000	0.000	0.000	0.000	0.000	292.181	0.000	0.000	0.000	0.000	-0.142	1.305	3.719	0.185	-376.800	92.567	0.000	0.100	0.100	771.032	376.800	0.000	0.000	871.312	0.000	0.000	0.000	1.000	-11.800	-25.200	161.000	118.700	21.700
3730741762.714	292.278	292.485	292.178	0.000	292.165	0.000	292.113	291.747	0.000	155.000	166.000	0.000	0.000	0.000	0.000	292.186	0.000	0.000	0.000	0.000	-0.142	-1.266	3.719	0.185	-376.800	93.216	0.000	0.100	0.100	766.340	376.800	0.000	0.000	818.863	0.000	0.000	0.000	1.000	-11.200	-23.700	160.100	112.900	27.400
3730741765.715	292.289	292.489	292.193	0.000	292.172	0.000	292.126	291.765	0.000	155.000	166.000	0.000	0.000	0.000	0.000	292.193	0.000	0.000	0.000	0.000	0.161	1.305	-1.422	0.181	-376.800	92.196	0.000	0.100	0.100	762.431	376.800	0.000	0.000	845.088	0.000	0.000	0.000	1.000	-11.200	-21.500	158.700	107.200	33.200
3730741768.714	292.286	292.478	292.173	0.000	292.169	0.000	292.112	291.751	0.000	155.000	166.000	0.000	0.000	0.000	0.000	292.169	0.000	0.000	0.000	0.000	-0.142	-1.266	3.719	0.185	-376.800	92.475	0.000	0.100	0.100	764.777	376.800	0.000	0.000	872.855	0.000	0.000	0.000	1.000	-10.800	-19.900	155.800	99.500	38.900
3730741771.714	292.289	292.485	292.178	0.000	292.172	0.000	292.104	291.751	0.000	155.000	166.000	0.000	0.000	0.000	0.000	292.177	0.000	0.000	0.000	0.000	0.161	-1.266	1.149	0.189	-376.800	92.475	0.000	0.100	0.100	750.703	376.800	0.000	0.000	829.662	0.000	0.000	0.000	1.000	-9.700	-18.400	153.500	96.300	43.400
3730741774.715	292.291	292.484	292.172	0.000	292.168	0.000	292.104	291.758	0.000	155.000	166.000	0.000	0.000	0.000	0.000	292.181	0.000	0.000	0.000	0.000	0.161	1.305	6.290	0.185	-376.800	92.753	0.000	0.100	0.100	758.522	376.800	0.000	0.000	839.432	0.000	0.000	0.000	1.000	-9.700	-17.800	151.800	91.900	47.900
3730741777.714	292.285	292.493	292.177	0.000	292.169	0.000	292.112	291.752	0.000	155.000	166.000	0.000	0.000	0.000	0.000	292.180	0.000	0.000	0.000	0.000	-0.747	-1.266	3.719	0.185	-376.800	92.475	0.000	0.100	0.100	758.521	376.800	0.000	0.000	866.684	0.000	0.000	0.000	1.000	-9.200	-17.400	150.000	86.800	51.000
3730741780.715	292.292	292.487	292.191	0.000	292.178	0.000	292.122	291.764	0.000	155.000	166.000	0.000	0.000	0.000	0.000	292.183	0.000	0.000	0.000	0.000	-0.142	3.876	1.149	0.178	-376.800	92.475	0.000	0.100	0.100	756.958	376.800	0.000	0.000	839.946	0.000	0.000	0.000	1.000	-9.200	-16.800	148.600	82.300	55.500
3730741783.715	292.293	292.495	292.181	0.000	292.174	0.000	292.123	291.763	0.000	155.000	166.000	0.000	0.000	0.000	0.000	292.183	0.000	0.000	0.000	0.000	0.161	1.305	1.149	0.181	-376.800	93.078	0.000	0.100	0.100	757.740	376.800	0.000	0.000	833.775	0.000	0.000	0.000	1.000	-8.700	-16.800	147.700	79.100	58.100
3730741786.714	292.286	292.487	292.177	0.000	292.169	0.000	292.106	291.753	0.000	155.000	166.000	0.000	0.000	0.000	0.000	292.178	0.000	0.000	0.000	0.000	-0.142	3.876	-1.422	0.178	-376.800	92.800	0.000	0.100	0.100	760.085	376.800	0.000	0.000	861.542	0.000	0.000	0.000	1.000	-8.700	-16.800	147.000	75.300	60.600
3730741789.714	292.290	292.482	292.190	0.000	292.173	0.000	292.115	291.758	0.000	155.000	166.000	0.000	0.000	0.000	0.000	292.181	0.000	0.000	0.000	0.000	0.161	-1.266	3.719	0.181	-376.800	92.244	0.000	0.100	0.100	766.341	376.800	0.000	0.000	850.744	0.000	0.000	0.000	1.000	-8.200	-16.800	146.200	72.700	61.900
3730741792.714	292.294	292.491	292.187	0.000	292.180	0.000	292.127	291.772	0.000	155.000	166.000	0.000	0.000	0.000	0.000	292.186	0.000	0.000	0.000	0.000	0.161	-1.266	3.719	0.181	-376.800	93.542	0.000	0.100	0.100	764.776	376.800	0.000	0.000	827.091	0.000	0.000	0.000	1.000	-8.200	-16.800	145.500	69.500	63.800
3730741795.714	292.294	292.489	292.178	0.000	292.179	0.000	292.121	291.773	0.000	155.000	166.000	0.000	0.000	0.000	0.000	292.193	0.000	0.000	0.000	0.000	-0.142	-1.266	1.149	0.181	-376.800	92.568	0.000	0.100	0.100	762.431	376.800	0.000	0.000	856.400	0.000	0.000	0.000	1.000	-7.700	-16.800	145.000	68.300	65.100
3730741798.714	292.300	292.495	292.182	0.000	292.180	0.000	292.125	291.769	0.000	155.000	166.000	0.000	0.000	0.000	0.000	292.183	0.000	0.000	0.000	0.000	-0.142	1.305	3.719	0.185	-376.800	92.476	0.000	0.100	0.100	756.958	376.800	0.000	0.000	861.028	0.000	0.000	0.000	1.000	-7.700	-16.800	144.500	68.300	65.700
3730741801.714	292.297	292.488	292.176	0.000	292.181	0.000	292.123	291.766	0.000	155.000	166.000	0.000	0.000	0.000	0.000	292.178	0.000	0.000	0.000	0.000	-0.142	-1.266	6.290	0.185	-376.800	92.986	0.000	0.100	0.100	757.740	376.800	0.000	0.000	821.949	0.000	0.000	0.000	1.000	-7.700	-16.800	144.200	67.600	65.700
3730741804.715	292.303	292.490	292.184	0.000	292.176	0.000	292.130	291.766	0.000	155.000	166.000	0.000	0.000	0.000	0.000	292.182	0.000	0.000	0.000	0.000	-0.142	-1.266	3.719	0.185	-376.800	92.986	0.000	0.100	0.100	759.303	376.800	0.000	0.000	849.716	0.000	0.000	0.000	1.000	-7.700	-16.800	143.800	68.300	65.700
3730741807.715	292.289	292.483	292.178	0.000	292.178	0.000	292.117	291.762	0.000	155.000	166.000	0.000	0.000	0.000	0.000	292.179	0.000	0.000	0.000	0.000	0.161	1.305	1.149	0.181	-376.800	93.079	0.000	0.100	0.100	760.085	376.800	0.000	0.000	871.827	0.000	0.000	0.000	1.000	-7.700	-16.800	143.800	68.300	65.700
3730741810.714	292.294	292.493	292.179	0.000	292.180	0.000	292.125	291.763	0.000	155.000	166.000	0.000	0.000	0.000	0.000	292.183	0.000	0.000	0.000	0.000	0.161	1.305	3.719	0.181	-376.800	93.264	0.000	0.100	0.100	765.558	376.800	0.000	0.000	819.378	0.000	0.000	0.000	1.000	-7.700	-16.800	143.600	68.300	63.800
3730741813.714	292.301	292.488	292.190	0.000	292.187	0.000	292.121	291.763	0.000	155.000	166.000	0.000	0.000	0.000	0.000	292.176	0.000	0.000	0.000	0.000	0.161	-1.266	-1.422	0.174	-376.800	92.522	0.000	0.100	0.100	761.649	376.800	0.000	0.000	845.088	0.000	0.000	0.000	1.000	-7.300	-16.800	143.600	68.300	65.700
3730741816.714	292.299	292.485	292.185	0.000	292.172	0.000	292.120	291.756	0.000	155.000	166.000	0.000	0.000	0.000	0.000	292.176	0.000	0.000	0.000	0.000	-0.142	-1.266	3.719	0.185	-376.800	92.615	0.000	0.100	0.100	762.431	376.800	0.000	0.000	871.827	0.000	0.000	0.000	1.000	-7.700	-16.800	143.600	67.600	63.800
3730741819.713	292.299	292.498	292.193	0.000	292.184	0.000	292.121	291.779	0.000	155.000	166.000	0.000	0.000	0.000	0.000	292.192	0.000	0.000	0.000	0.000	-0.142	-1.266	1.149	0.185	-376.800	93.125	0.000	0.100	0.100	767.123	376.800	0.000	0.000	829.662	0.000	0.000	0.000	1.000	-7.300	-16.800	143.200	68.300	66.400
3730741822.714	292.299	292.495	292.188	0.000	292.186	0.000	292.126	291.771	0.000	155.000	166.000	0.000	0.000	0.000	0.000	292.192	0.000	0.000	0.000	0.000	0.464	3.876	1.149	0.181	-376.800	92.708	0.000	0.100	0.100	767.904	376.800	0.000	0.000	838.403	0.000	0.000	0.000	1.000	-7.300	-16.800	143.200	68.300	65.700
3730741825.715	292.297	292.489	292.182	0.000	292.187	0.000	292.129	291.770	0.000	155.000	166.000	0.000	0.000	0.000	0.000	292.171	0.000	0.000	0.000	0.000	-0.445	-1.266	3.719	0.185	-376.800	92.800	0.000	0.100	0.100	756.957	376.800	0.000	0.000	867.199	0.000	0.000	0.000	1.000	-7.300	-16.800	143.200	68.300	65.700
3730741828.714	292.312	292.495	292.188	0.000	292.190	0.000	292.139	291.766	0.000	155.000	166.000	0.000	0.000	0.000	0.000	292.191	0.000	0.000	0.000	0.000	-0.142	-3.836	3.719	0.185	-376.800	92.382	0.000	0.100	0.100	758.522	376.800	0.000	0.000	840.974	0.000	0.000	0.000	1.000	-7.300	-16.800	143.200	68.300	65.100
3730741831.714	292.300	292.488	292.180	0.000	292.176	0.000	292.126	291.774	0.000	155.000	166.000	0.000	0.000	0.000	0.000	292.187	0.000	0.000	0.000	0.000	0.161	1.305	3.719	0.181	-376.800	92.938	0.000	0.100	0.100	763.994	376.800	0.000	0.000	833.261	0.000	0.000	0.000	1.000	-7.300	-16.800	143.200	68.300	66.400
3730741834.715	292.299	292.490	292.190	0.000	292.182	0.000	292.136	291.772	0.000	155.000	166.000	0.000	0.000	0.000	0.000	292.190	0.000	0.000	0.000	0.000	-0.142	1.305	-1.422	0.174	-376.800	93.123	0.000	0.100	0.100	769.468	376.800	0.000	0.000	861.028	0.000	0.000	0.000	1.000	-7.300	-16.800	143.200	68.300	63.800
3730741837.714	292.304	292.484	292.176	0.000	292.177	0.000	292.127	291.767	0.000	155.000	166.000	0.000	0.000	0.000	0.000	292.183	0.000	0.000	0.000	0.000	0.161	-1.266	1.149	0.178	-376.800	93.123	0.000	0.100	0.100	762.431	376.800	0.000	0.000	851.258	0.000	0.000	0.000	1.000	-7.300	-16.300	143.000	67.600	66.400
3730741840.714	292.297	292.495	292.188	0.000	292.194	0.000	292.133	291.776	0.000	155.000	166.000	0.000	0.000	0.000	0.000	292.191	0.000	0.000	0.000	0.000	-0.142	3.876	1.149	0.178	-376.800	92.335	0.000	0.100	0.100	760.085	376.800	0.000	0.000	828.119	0.000	0.000	0.000	1.000	-7.300	-16.300	143.000	68.300	65.700
3730741843.715	292.287	292.478	292.179	0.000	292.181	0.000	292.125	291.763	0.000	155.000	166.000	0.000	0.000	0.000	0.000	292.180	0.000	0.000	0.000	0.000	-0.142	-1.266	-1.422	0.181	-376.800	92.474	0.000	0.100	0.100	759.303	376.800	0.000	0.000	855.886	0.000	0.000	0.000	1.000	-7.300	-16.800	143.000	68.300	65.700
3730741846.714	292.293	292.482	292.174	0.000	292.181	0.000	292.126	291.762	0.000	155.000	166.000	0.000	0.000	0.000	0.000	292.191	0.000	0.000	0.000	0.000	-0.445	-1.266	3.719	0.189	-376.800	93.077	0.000	0.100	0.100	761.649	376.800	0.000	0.000	861.542	0.000	0.000	0.000	1.000	-7.300	-16.300	142.800	66.400	66.400
3730741849.715	292.293	292.485	292.177	0.000	292.181	0.000	292.124	291.770	0.000	155.000	166.000	0.000	0.000	0.000	0.000	292.180	0.000	0.000	0.000	0.000	-0.142	1.305	1.149	0.181	-376.800	92.382	0.000	0.100	0.100	756.958	376.800	0.000	0.000	820.920	0.000	0.000	0.000	1.000	-7.300	-16.800	142.800	68.300	66.400
3730741852.715	292.300	292.487	292.172	0.000	292.188	0.000	292.128	291.767	0.000	155.000	166.000	0.000	0.000	0.000	0.000	292.188	0.000	0.000	0.000	0.000	-0.142	3.876	1.149	0.189	-376.800	92.383	0.000	0.100	0.100	762.431	376.800	0.000	0.000	850.230	0.000	0.000	0.000	1.000	-7.300	-16.300	142.800	68.300	66.400
3730741862.715	292.295	292.477	292.178	0.000	292.182	0.000	292.124	291.759	0.000	155.000	166.000	0.000	0.000	0.000	0.000	292.189	0.000	0.000	0.000	0.000	-0.445	1.305	3.719	0.185	-376.800	93.217	0.000	0.100	0.100	752.266	376.800	0.000	0.000	853.829	0.000	0.000	0.000	1.000	-7.300	-16.800	142.200	68.300	63.800
3730741872.714	292.299	292.479	292.182	0.000	292.177	0.000	292.129	291.765	0.000	155.000	166.000	0.000	0.000	0.000	0.000	292.185	0.000	0.000	0.000	0.000	-0.142	1.305	1.149	0.185	-376.800	92.939	0.000	0.100	0.100	761.649	376.800	0.000	0.000	856.915	0.000	0.000	0.000	1.000	-7.300	-16.800	141.800	68.300	66.400
3730741882.714	292.297	292.504	292.188	0.000	292.198	0.000	292.142	291.768	0.000	155.000	166.000	0.000	0.000	0.000	0.000	292.196	0.000	0.000	0.000	0.000	-0.142	3.876	6.290	0.185	-376.800	93.402	0.000	0.100	0.100	762.431	376.800	0.000	0.000	860.514	0.000	0.000	0.000	1.000	-7.300	-16.800	141.000	68.300	66.400
3730741892.714	292.294	292.488	292.186	0.000	292.185	0.000	292.128	291.766	0.000	155.000	166.000	0.000	0.000	0.000	0.000	292.181	0.000	0.000	0.000	0.000	0.161	1.305	1.149	0.178	-376.800	92.430	0.000	0.100	0.100	760.867	376.800	0.000	0.000	864.628	0.000	0.000	0.000	1.000	-7.300	-16.300	140.800	68.300	66.400
3730741902.715	292.294	292.481	292.176	0.000	292.184	0.000	292.129	291.773	0.000	155.000	166.000	0.000	0.000	0.000	0.000	292.184	0.000	0.000	0.000	0.000	0.161	6.446	1.149	0.181	-376.800	93.032	0.000	0.100	0.100	757.740	376.800	0.000	0.000	868.227	0.000	0.000	0.000	1.000	-7.300	-16.300	140.500	66.400	66.400
3730741912.714	292.299	292.481	292.178	0.000	292.187	0.000	292.137	291.759	0.000	155.000	166.000	0.000	0.000	0.000	0.000	292.179	0.000	0.000	0.000	0.000	-0.445	3.876	1.149	0.181	-376.800	92.799	0.000	0.100	0.100	765.558	376.800	0.000	0.000	871.827	0.000	0.000	0.000	1.000	-7.300	-16.300	140.000	67.600	66.400
3730741922.714	292.314	292.497	292.204	0.000	292.192	0.000	292.144	291.782	0.000	155.000	166.000	0.000	0.000	0.000	0.000	292.196	0.000	0.000	0.000	0.000	-0.142	-1.266	3.719	0.178	-376.800	92.938	0.000	0.100	0.100	759.303	376.800	0.000	0.000	874.398	0.000	0.000	0.000	1.000	-7.300	-16.800	139.700	68.300	66.400
3730741932.715	292.306	292.486	292.182	0.000	292.190	0.000	292.137	291.772	0.000	155.000	166.000	0.000	0.000	0.000	0.000	292.202	0.000	0.000	0.000	0.000	-0.142	1.305	1.149	0.181	-376.800	93.216	0.000	0.100	0.100	765.558	376.800	0.000	0.000	870.284	0.000	0.000	0.000	1.000	-6.700	-16.800	139.300	68.300	65.700
3730741942.713	292.306	292.489	292.186	0.000	292.195	0.000	292.137	291.779	0.000	155.000	166.000	0.000	0.000	0.000	0.000	292.196	0.000	0.000	0.000	0.000	0.766	1.305	1.149	0.178	-376.800	92.335	0.000	0.100	0.100	763.213	376.800	0.000	0.000	863.599	0.000	0.000	0.000	1.000	-6.700	-16.800	138.700	68.300	66.400
3730741952.714	292.319	292.491	292.204	0.000	292.204	0.000	292.144	291.785	0.000	155.000	166.000	0.000	0.000	0.000	0.000	292.215	0.000	0.000	0.000	0.000	0.161	1.305	1.149	0.189	-376.800	92.984	0.000	0.100	0.100	761.649	376.800	0.000	0.000	856.400	0.000	0.000	0.000	1.000	-6.700	-16.800	138.300	67.600	66.400
3730741962.713	292.313	292.482	292.197	0.000	292.186	0.000	292.124	291.764	0.000	155.000	166.000	0.000	0.000	0.000	0.000	292.193	0.000	0.000	0.000	0.000	0.161	3.876	3.719	0.178	-376.800	92.707	0.000	0.100	0.100	763.213	376.800	0.000	0.000	849.202	0.000	0.000	0.000	1.000	-6.700	-16.300	137.700	65.700	66.400
3730741972.714	292.316	292.497	292.183	0.000	292.202	0.000	292.149	291.784	0.000	155.000	166.000	0.000	0.000	0.000	0.000	292.210	0.000	0.000	0.000	0.000	0.161	3.876	1.149	0.178	-376.800	93.079	0.000	0.100	0.100	765.559	376.800	0.000	0.000	842.003	0.000	0.000	0.000	1.000	-6.700	-16.800	137.500	68.300	66.400
3730741982.715	292.314	292.483	292.188	0.000	292.189	0.000	292.135	291.773	0.000	155.000	166.000	0.000	0.000	0.000	0.000	292.206	0.000	0.000	0.000	0.000	0.161	-1.266	6.290	0.185	-376.800	93.125	0.000	0.100	0.100	763.995	376.800	0.000	0.000	835.832	0.000	0.000	0.000	1.000	-6.700	-16.800	137.000	68.300	65.700
3730741992.714	292.313	292.473	292.193	0.000	292.199	0.000	292.140	291.771	0.000	155.000	166.000	0.000	0.000	0.000	0.000	292.214	0.000	0.000	0.000	0.000	0.161	1.305	1.149	0.181	-376.800	93.403	0.000	0.100	0.100	761.649	376.800	0.000	0.000	828.633	0.000	0.000	0.000	1.000	-6.700	-16.800	136.700	68.300	65.700
3730742002.714	292.316	292.486	292.192	0.000	292.194	0.000	292.148	291.777	0.000	155.000	166.000	0.000	0.000	0.000	0.000	292.208	0.000	0.000	0.000	0.000	0.464	-1.266	3.719	0.181	-376.800	92.800	0.000	0.100	0.100	761.649	376.800	0.000	0.000	821.949	0.000	0.000	0.000	1.000	-6.700	-16.800	136.400	68.300	65.700
3730742012.715	292.316	292.485	292.193	0.000	292.189	0.000	292.138	291.775	0.000	155.000	166.000	0.000	0.000	0.000	0.000	292.195	0.000	0.000	0.000	0.000	0.464	-1.266	1.149	0.185	-376.800	93.032	0.000	0.100	0.100	760.085	376.800	0.000	0.000	818.349	0.000	0.000	0.000	1.000	-6.300	-16.800	136.200	68.300	65.700
3730742022.714	292.322	292.490	292.192	0.000	292.187	0.000	292.141	291.770	0.000	155.000	166.000	0.000	0.000	0.000	0.000	292.206	0.000	0.000	0.000	0.000	0.161	1.305	-1.422	0.181	-376.800	92.568	0.000	0.100	0.100	767.123	376.800	0.000	0.000	822.463	0.000	0.000	0.000	1.000	-6.300	-16.800	135.900	68.300	66.400
3730742032.715	292.324	292.486	292.196	0.000	292.191	0.000	292.146	291.768	0.000	155.000	166.000	0.000	0.000	0.000	0.000	292.201	0.000	0.000	0.000	0.000	-0.445	-1.266	3.719	0.181	-376.800	93.031	0.000	0.100	0.100	762.431	376.800	0.000	0.000	825.548	0.000	0.000	0.000	1.000	-5.700	-16.800	135.600	65.700	65.700
3730742042.714	292.326	292.490	292.191	0.000	292.189	0.000	292.144	291.777	0.000	155.000	166.000	0.000	0.000	0.000	0.000	292.203	0.000	0.000	0.000	0.000	-0.142	1.305	1.149	0.181	-376.800	92.985	0.000	0.100	0.100	765.558	376.800	0.000	0.000	830.176	0.000	0.000	0.000	1.000	-5.700	-16.800	135.400	65.700	66.400
3730742052.715	292.320	292.485	292.189	0.000	292.195	0.000	292.141	291.762	0.000	155.000	166.000	0.000	0.000	0.000	0.000	292.200	0.000	0.000	0.000	0.000	-0.142	-1.266	3.719	0.178	-376.800	93.077	0.000	0.100	0.100	764.776	376.800	0.000	0.000	834.290	0.000	0.000	0.000	1.000	-5.700	-16.800	135.100	68.300	65.700
3730742062.714	292.314	292.494	292.201	0.000	292.196	0.000	292.140	291.769	0.000	155.000	166.000	0.000	0.000	0.000	0.000	292.202	0.000	0.000	0.000	0.000	0.161	3.876	3.719	0.185	-376.800	93.540	0.000	0.100	0.100	762.431	376.800	0.000	0.000	837.889	0.000	0.000	0.000	1.000	-5.700	-16.800	134.900	67.600	65.700
3730742072.714	292.334	292.514	292.214	0.000	292.213	0.000	292.158	291.795	0.000	155.000	166.000	0.000	0.000	0.000	0.000	292.218	0.000	0.000	0.000	0.000	-0.142	-1.266	6.290	0.193	-376.800	93.169	0.000	0.100	0.100	762.431	376.800	0.000	0.000	840.974	0.000	0.000	0.000	1.000	-5.700	-16.800	134.600	68.300	66.400
3730742082.715	292.332	292.511	292.212	0.000	292.211	0.000	292.168	291.795	0.000	155.000	166.000	0.000	0.000	0.000	0.000	292.217	0.000	0.000	0.000	0.000	-0.142	-1.266	3.719	0.185	-376.800	92.660	0.000	0.100	0.100	756.176	376.800	0.000	0.000	844.574	0.000	0.000	0.000	1.000	-5.700	-16.800	134.100	68.300	66.400
3730742092.714	292.330	292.511	292.209	0.000	292.212	0.000	292.155	291.791	0.000	155.000	166.000	0.000	0.000	0.000	0.000	292.208	0.000	0.000	0.000	0.000	-0.445	1.305	3.719	0.174	-376.800	92.522	0.000	0.100	0.100	769.468	376.800	0.000	0.000	848.687	0.000	0.000	0.000	1.000	-5.300	-16.800	133.900	65.700	66.400
3730742102.714	292.325	292.509	292.198	0.000	292.199	0.000	292.148	291.771	0.000	155.000	166.000	0.000	0.000	0.000	0.000	292.213	0.000	0.000	0.000	0.000	0.161	1.305	1.149	0.185	-376.800	92.986	0.000	0.100	0.100	766.341	376.800	0.000	0.000	853.315	0.000	0.000	0.000	1.000	-5.300	-16.800	133.900	68.300	63.800
3730742112.715	292.320	292.498	292.192	0.000	292.197	0.000	292.147	291.777	0.000	155.000	166.000	0.000	0.000	0.000	0.000	292.199	0.000	0.000	0.000	0.000	-0.142	1.305	1.149	0.174	-376.800	93.218	0.000	0.100	0.100	753.048	376.800	0.000	0.000	856.400	0.000	0.000	0.000	1.000	-5.300	-16.800	133.500	68.300	66.400
3730742122.714	292.327	292.507	292.213	0.000	292.205	0.000	292.157	291.785	0.000	155.000	166.000	0.000	0.000	0.000	0.000	292.206	0.000	0.000	0.000	0.000	-0.142	-1.266	-1.422	0.178	-376.800	92.661	0.000	0.100	0.100	761.649	376.800	0.000	0.000	858.457	0.000	0.000	0.000	1.000	-5.300	-16.800	133.300	67.000	66.400
3730742132.714	292.336	292.511	292.205	0.000	292.205	0.000	292.152	291.788	0.000	155.000	166.000	0.000	0.000	0.000	0.000	292.210	0.000	0.000	0.000	0.000	-0.142	1.305	1.149	0.181	-376.800	93.123	0.000	0.100	0.100	764.777	376.800	0.000	0.000	863.085	0.000	0.000	0.000	1.000	-5.300	-16.800	133.000	68.300	66.400
3730742142.714	292.335	292.498	292.191	0.000	292.206	0.000	292.152	291.788	0.000	155.000	166.000	0.000	0.000	0.000	0.000	292.206	0.000	0.000	0.000	0.000	-0.142	-1.266	3.719	0.178	-376.800	93.076	0.000	0.100	0.100	762.431	376.800	0.000	0.000	866.170	0.000	0.000	0.000	1.000	-5.300	-16.800	132.800	68.300	66.400
3730742152.714	292.344	292.517	292.204	0.000	292.216	0.000	292.168	291.796	0.000	155.000	166.000	0.000	0.000	0.000	0.000	292.212	0.000	0.000	0.000	0.000	0.161	1.305	1.149	0.178	-376.800	92.520	0.000	0.100	0.100	765.559	376.800	0.000	0.000	870.798	0.000	0.000	0.000	1.000	-5.300	-16.800	132.600	68.300	66.400
3730742162.715	292.337	292.505	292.204	0.000	292.201	0.000	292.154	291.787	0.000	155.000	166.000	0.000	0.000	0.000	0.000	292.197	0.000	0.000	0.000	0.000	-0.142	1.305	3.719	0.181	-376.800	93.401	0.000	0.100	0.100	760.085	376.800	0.000	0.000	873.369	0.000	0.000	0.000	1.000	-4.700	-16.800	132.200	68.300	66.400
3730742172.713	292.330	292.497	292.200	0.000	292.207	0.000	292.165	291.777	0.000	155.000	166.000	0.000	0.000	0.000	0.000	292.195	0.000	0.000	0.000	0.000	0.161	1.305	3.719	0.181	-376.800	92.984	0.000	0.100	0.100	759.303	376.800	0.000	0.000	873.883	0.000	0.000	0.000	1.000	-4.700	-16.800	132.000	67.600	66.400
3730742182.714	292.336	292.494	292.205	0.000	292.205	0.000	292.148	291.776	0.000	155.000	166.000	0.000	0.000	0.000	0.000	292.196	0.000	0.000	0.000	0.000	-0.142	-1.266	3.719	0.185	-376.800	92.151	0.000	0.100	0.100	751.485	376.800	0.000	0.000	866.170	0.000	0.000	0.000	1.000	-4.700	-16.800	131.700	68.300	66.400
3730742192.715	292.336	292.491	292.201	0.000	292.214	0.000	292.153	291.768	0.000	155.000	166.000	0.000	0.000	0.000	0.000	292.198	0.000	0.000	0.000	0.000	-0.142	1.305	1.149	0.181	-376.800	92.986	0.000	0.100	0.100	767.122	376.800	0.000	0.000	858.971	0.000	0.000	0.000	1.000	-4.700	-16.800	131.700	68.300	66.400
3730742202.715	292.339	292.504	292.205	0.000	292.214	0.000	292.160	291.781	0.000	155.000	166.000	0.000	0.000	0.000	0.000	292.205	0.000	0.000	0.000	0.000	-0.142	-1.266	6.290	0.185	-376.800	92.429	0.000	0.100	0.100	757.740	376.800	0.000	0.000	853.315	0.000	0.000	0.000	1.000	-4.700	-16.800	131.500	68.900	66.400
3730742212.715	292.330	292.498	292.192	0.000	292.213	0.000	292.152	291.787	0.000	155.000	166.000	0.000	0.000	0.000	0.000	292.200	0.000	0.000	0.000	0.000	-0.142	-1.266	3.719	0.178	-376.800	92.799	0.000	0.100	0.100	758.521	376.800	0.000	0.000	845.088	0.000	0.000	0.000	1.000	-4.700	-16.800	131.200	68.300	67.000
3730742222.714	292.342	292.499	292.200	0.000	292.231	0.000	292.166	291.785	0.000	155.000	166.000	0.000	0.000	0.000	0.000	292.207	0.000	0.000	0.000	0.000	-0.445	-1.266	3.719	0.181	-376.800	92.752	0.000	0.100	0.100	761.649	376.800	0.000	0.000	838.403	0.000	0.000	0.000	1.000	-4.700	-16.800	130.900	67.000	66.400
3730742232.714	292.355	292.483	292.208	0.000	292.219	0.000	292.168	291.790	0.000	155.000	166.000	0.000	0.000	0.000	0.000	292.206	0.000	0.000	0.000	0.000	-0.142	-1.266	3.719	0.178	-376.800	93.215	0.000	0.100	0.100	760.085	376.800	0.000	0.000	831.204	0.000	0.000	0.000	1.000	-4.300	-16.800	130.700	68.900	67.000
3730742242.714	292.346	292.480	292.203	0.000	292.220	0.000	292.173	291.789	0.000	155.000	166.000	0.000	0.000	0.000	0.000	292.215	0.000	0.000	0.000	0.000	-0.445	-1.266	1.149	0.181	-376.800	92.567	0.000	0.100	0.100	767.123	376.800	0.000	0.000	825.034	0.000	0.000	0.000	1.000	-4.700	-16.800	130.700	68.900	67.000
3730742252.715	292.348	292.472	292.200	0.000	292.219	0.000	292.172	291.792	0.000	155.000	166.000	0.000	0.000	0.000	0.000	292.205	0.000	0.000	0.000	0.000	-0.142	1.305	3.719	0.185	-376.800	92.892	0.000	0.100	0.100	764.777	376.800	0.000	0.000	818.349	0.000	0.000	0.000	1.000	-4.300	-16.800	130.400	68.900	66.400
3730742262.714	292.345	292.481	292.213	0.000	292.226	0.000	292.185	291.799	0.000	155.000	166.000	0.000	0.000	0.000	0.000	292.210	0.000	0.000	0.000	0.000	-0.142	-1.266	3.719	0.185	-376.800	93.310	0.000	0.100	0.100	764.777	376.800	0.000	0.000	819.892	0.000	0.000	0.000	1.000	-4.300	-16.800	130.100	68.900	66.400
3730742272.715	292.346	292.476	292.211	0.000	292.215	0.000	292.177	291.801	0.000	155.000	166.000	0.000	0.000	0.000	0.000	292.197	0.000	0.000	0.000	0.000	-0.142	1.305	3.719	0.181	-376.800	92.939	0.000	0.100	0.100	764.776	376.800	0.000	0.000	824.005	0.000	0.000	0.000	1.000	-4.300	-16.800	129.900	68.900	65.100
3730742282.714	292.363	292.477	292.217	0.000	292.223	0.000	292.191	291.818	0.000	155.000	166.000	0.000	0.000	0.000	0.000	292.204	0.000	0.000	0.000	0.000	0.161	3.876	3.719	0.189	-376.800	92.799	0.000	0.100	0.100	756.176	376.800	0.000	0.000	827.605	0.000	0.000	0.000	1.000	-4.300	-16.800	129.900	68.900	65.100
3730742292.715	292.350	292.475	292.205	0.000	292.220	0.000	292.177	291.803	0.000	155.000	166.000	0.000	0.000	0.000	0.000	292.194	0.000	0.000	0.000	0.000	-0.142	3.876	1.149	0.185	-376.800	92.938	0.000	0.100	0.100	763.213	376.800	0.000	0.000	831.719	0.000	0.000	0.000	1.000	-4.300	-16.800	129.600	68.900	67.000
3730742302.714	292.355	292.463	292.201	0.000	292.215	0.000	292.171	291.795	0.000	155.000	166.000	0.000	0.000	0.000	0.000	292.173	0.000	0.000	0.000	0.000	-0.142	3.876	3.719	0.189	-376.800	93.169	0.000	0.100	0.100	758.521	376.800	0.000	0.000	836.346	0.000	0.000	0.000	1.000	-3.700	-16.800	129.400	68.900	65.700
3730742312.713	292.337	292.465	292.200	0.000	292.208	0.000	292.170	291.789	0.000	155.000	166.000	0.000	0.000	0.000	0.000	292.170	0.000	0.000	0.000	0.000	0.161	-1.266	3.719	0.178	-376.800	92.335	0.000	0.100	0.100	753.048	376.800	0.000	0.000	838.917	0.000	0.000	0.000	1.000	-3.700	-16.800	129.400	68.900	67.000
3730742322.714	292.344	292.473	292.196	0.000	292.212	0.000	292.173	291.798	0.000	155.000	166.000	0.000	0.000	0.000	0.000	292.167	0.000	0.000	0.000	0.000	-0.142	1.305	3.719	0.185	-376.800	93.355	0.000	0.100	0.100	761.648	376.800	0.000	0.000	843.545	0.000	0.000	0.000	1.000	-3.700	-16.800	129.000	67.000	67.000
3730742332.714	292.353	292.475	292.201	0.000	292.217	0.000	292.172	291.798	0.000	155.000	166.000	0.000	0.000	0.000	0.000	292.180	0.000	0.000	0.000	0.000	-0.142	3.876	3.719	0.185	-376.800	93.355	0.000	0.100	0.100	757.739	376.800	0.000	0.000	846.630	0.000	0.000	0.000	1.000	-3.700	-16.800	128.800	68.900	67.000
3730742342.714	292.350	292.476	292.213	0.000	292.216	0.000	292.187	291.805	0.000	155.000	166.000	0.000	0.000	0.000	0.000	292.177	0.000	0.000	0.000	0.000	-0.142	3.876	3.719	0.181	-376.800	92.799	0.000	0.100	0.100	758.521	376.800	0.000	0.000	850.744	0.000	0.000	0.000	1.000	-3.700	-16.800	128.500	68.300	67.000
3730742352.714	292.345	292.475	292.211	0.000	292.221	0.000	292.179	291.798	0.000	155.000	166.000	0.000	0.000	0.000	0.000	292.177	0.000	0.000	0.000	0.000	-0.142	1.305	3.719	0.178	-376.800	92.659	0.000	0.100	0.100	756.958	376.800	0.000	0.000	853.829	0.000	0.000	0.000	1.000	-3.700	-16.800	128.500	68.900	67.000
3730742362.714	292.351	292.490	292.214	0.000	292.219	0.000	292.191	291.803	0.000	155.000	166.000	0.000	0.000	0.000	0.000	292.180	0.000	0.000	0.000	0.000	-0.142	1.305	3.719	0.181	-376.800	92.891	0.000	0.100	0.100	761.649	376.800	0.000	0.000	857.429	0.000	0.000	0.000	1.000	-3.700	-16.800	128.300	69.500	67.000
3730742372.713	292.357	292.485	292.208	0.000	292.215	0.000	292.179	291.801	0.000	155.000	166.000	0.000	0.000	0.000	0.000	292.184	0.000	0.000	0.000	0.000	0.161	1.305	3.719	0.181	-376.800	93.633	0.000	0.100	0.100	762.431	376.800	0.000	0.000	862.571	0.000	0.000	0.000	1.000	-3.700	-16.800	128.300	68.300	67.000
3730742382.715	292.354	292.500	292.210	0.000	292.238	0.000	292.189	291.804	0.000	155.000	166.000	0.000	0.000	0.000	0.000	292.189	0.000	0.000	0.000	0.000	0.464	1.305	1.149	0.178	-376.800	92.937	0.000	0.100	0.100	760.867	376.800	0.000	0.000	865.142	0.000	0.000	0.000	1.000	-3.700	-16.800	127.700	69.500	65.700
3730742392.715	292.353	292.495	292.212	0.000	292.224	0.000	292.194	291.804	0.000	155.000	166.000	0.000	0.000	0.000	0.000	292.196	0.000	0.000	0.000	0.000	0.161	-1.266	3.719	0.178	-376.800	92.382	0.000	0.100	0.100	754.612	376.800	0.000	0.000	868.741	0.000	0.000	0.000	1.000	-3.700	-16.800	127.700	68.900	67.000
3730742402.714	292.359	292.488	292.207	0.000	292.224	0.000	292.195	291.797	0.000	155.000	166.000	0.000	0.000	0.000	0.000	292.194	0.000	0.000	0.000	0.000	-0.142	-1.266	1.149	0.181	-376.800	92.985	0.000	0.100	0.100	762.431	376.800	0.000	0.000	872.341	0.000	0.000	0.000	1.000	-3.300	-16.800	127.500	69.500	67.600
3730742412.714	292.358	292.503	292.220	0.000	292.231	0.000	292.192	291.815	0.000	155.000	166.000	0.000	0.000	0.000	0.000	292.203	0.000	0.000	0.000	0.000	-0.142	-1.266	3.719	0.178	-376.800	92.568	0.000	0.100	0.100	759.303	376.800	0.000	0.000	875.940	0.000	0.000	0.000	1.000	-3.300	-16.800	127.500	69.500	67.000
3730742422.713	292.347	292.496	292.213	0.000	292.235	0.000	292.195	291.810	0.000	155.000	166.000	0.000	0.000	0.000	0.000	292.198	0.000	0.000	0.000	0.000	0.161	3.876	1.149	0.185	-376.800	92.522	0.000	0.100	0.100	768.686	376.800	0.000	0.000	869.770	0.000	0.000	0.000	1.000	-3.300	-16.800	127.200	69.500	67.000
3730742432.714	292.352	292.492	292.214	0.000	292.232	0.000	292.193	291.810	0.000	155.000	166.000	0.000	0.000	0.000	0.000	292.199	0.000	0.000	0.000	0.000	-0.142	1.305	3.719	0.181	-376.800	92.476	0.000	0.100	0.100	764.777	376.800	0.000	0.000	861.542	0.000	0.000	0.000	1.000	-3.300	-16.800	127.200	69.500	67.000
3730742442.714	292.346	292.495	292.208	0.000	292.223	0.000	292.196	291.812	0.000	155.000	166.000	0.000	0.000	0.000	0.000	292.197	0.000	0.000	0.000	0.000	-0.142	1.305	3.719	0.178	-376.800	93.310	0.000	0.100	0.100	767.904	376.800	0.000	0.000	855.372	0.000	0.000	0.000	1.000	-3.300	-16.800	126.900	69.500	65.700
3730742452.715	292.356	292.498	292.221	0.000	292.231	0.000	292.199	291.812	0.000	155.000	166.000	0.000	0.000	0.000	0.000	292.197	0.000	0.000	0.000	0.000	-0.142	-1.266	3.719	0.185	-376.800	92.568	0.000	0.100	0.100	763.995	376.800	0.000	0.000	848.173	0.000	0.000	0.000	1.000	-3.300	-16.800	126.600	69.500	67.600
3730742462.715	292.354	292.492	292.209	0.000	292.234	0.000	292.198	291.815	0.000	155.000	166.000	0.000	0.000	0.000	0.000	292.190	0.000	0.000	0.000	0.000	-0.142	-1.266	3.719	0.181	-376.800	92.383	0.000	0.100	0.100	756.176	376.800	0.000	0.000	840.974	0.000	0.000	0.000	1.000	-3.300	-16.800	126.600	69.500	67.000
3730742472.715	292.361	292.492	292.218	0.000	292.237	0.000	292.209	291.815	0.000	155.000	166.000	0.000	0.000	0.000	0.000	292.198	0.000	0.000	0.000	0.000	0.464	1.305	-1.422	0.178	-376.800	92.336	0.000	0.100	0.100	763.995	376.800	0.000	0.000	834.290	0.000	0.000	0.000	1.000	-3.300	-16.800	126.600	69.500	68.300
3730742482.713	292.379	292.505	292.241	0.000	292.251	0.000	292.221	291.841	0.000	155.000	166.000	0.000	0.000	0.000	0.000	292.209	0.000	0.000	0.000	0.000	-0.142	-1.266	8.861	0.174	-376.800	92.428	0.000	0.100	0.100	759.303	376.800	0.000	0.000	827.605	0.000	0.000	0.000	1.000	-3.300	-16.800	126.400	70.200	68.300
3730742492.713	292.359	292.505	292.244	0.000	292.258	0.000	292.227	291.841	0.000	155.000	166.000	0.000	0.000	0.000	0.000	292.213	0.000	0.000	0.000	0.000	-0.142	-1.266	3.719	0.185	-376.800	92.891	0.000	0.100	0.100	760.867	376.800	0.000	0.000	820.406	0.000	0.000	0.000	1.000	-3.300	-16.800	126.400	70.200	68.300
3730742502.715	292.382	292.509	292.247	0.000	292.261	0.000	292.239	291.845	0.000	155.000	166.000	0.000	0.000	0.000	0.000	292.220	0.000	0.000	0.000	0.000	-0.142	-1.266	1.149	0.178	-376.800	92.335	0.000	0.100	0.100	768.686	376.800	0.000	0.000	818.349	0.000	0.000	0.000	1.000	-3.300	-16.800	126.100	69.500	67.000
3730742512.714	292.364	292.495	292.236	0.000	292.256	0.000	292.220	291.831	0.000	155.000	166.000	0.000	0.000	0.000	0.000	292.216	0.000	0.000	0.000	0.000	-0.142	1.305	6.290	0.181	-376.800	92.799	0.000	0.100	0.100	765.559	376.800	0.000	0.000	822.977	0.000	0.000	0.000	1.000	-3.300	-16.800	126.100	67.600	68.300
3730742522.714	292.371	292.497	292.236	0.000	292.258	0.000	292.217	291.841	0.000	155.000	166.000	0.000	0.000	0.000	0.000	292.211	0.000	0.000	0.000	0.000	-0.142	-1.266	1.149	0.181	-376.800	93.078	0.000	0.100	0.100	761.649	376.800	0.000	0.000	826.062	0.000	0.000	0.000	1.000	-2.900	-16.800	125.800	68.900	68.300
3730742532.713	292.361	292.507	292.229	0.000	292.254	0.000	292.212	291.831	0.000	155.000	166.000	0.000	0.000	0.000	0.000	292.208	0.000	0.000	0.000	0.000	-0.142	-1.266	3.719	0.181	-376.800	92.939	0.000	0.100	0.100	765.559	376.800	0.000	0.000	830.690	0.000	0.000	0.000	1.000	-2.900	-16.800	125.500	67.600	68.300
3730742542.714	292.366	292.503	292.222	0.000	292.267	0.000	292.217	291.835	0.000	155.000	166.000	0.000	0.000	0.000	0.000	292.202	0.000	0.000	0.000	0.000	-0.142	-1.266	6.290	0.181	-376.800	93.263	0.000	0.100	0.100	757.740	376.800	0.000	0.000	835.318	0.000	0.000	0.000	1.000	-2.900	-16.800	125.500	67.600	68.300
3730742552.714	292.370	292.507	292.240	0.000	292.259	0.000	292.223	291.837	0.000	155.000	166.000	0.000	0.000	0.000	0.000	292.210	0.000	0.000	0.000	0.000	0.161	1.305	3.719	0.178	-376.800	92.707	0.000	0.100	0.100	759.303	376.800	0.000	0.000	837.889	0.000	0.000	0.000	1.000	-2.900	-16.800	125.300	69.500	68.300
3730742562.714	292.376	292.495	292.231	0.000	292.256	0.000	292.213	291.831	0.000	155.000	166.000	0.000	0.000	0.000	0.000	292.210	0.000	0.000	0.000	0.000	0.161	-1.266	6.290	0.185	-376.800	92.799	0.000	0.100	0.100	763.213	376.800	0.000	0.000	842.003	0.000	0.000	0.000	1.000	-2.900	-16.800	125.300	69.500	68.300
3730742572.714	292.371	292.510	292.233	0.000	292.264	0.000	292.221	291.839	0.000	155.000	166.000	0.000	0.000	0.000	0.000	292.216	0.000	0.000	0.000	0.000	-0.142	-1.266	1.149	0.185	-376.800	93.308	0.000	0.100	0.100	757.739	376.800	0.000	0.000	845.602	0.000	0.000	0.000	1.000	-2.900	-16.800	125.300	70.800	68.300
3730742582.714	292.370	292.504	292.238	0.000	292.259	0.000	292.219	291.827	0.000	155.000	166.000	0.000	0.000	0.000	0.000	292.210	0.000	0.000	0.000	0.000	-0.142	-1.266	1.149	0.178	-376.800	92.613	0.000	0.100	0.100	763.995	376.800	0.000	0.000	849.202	0.000	0.000	0.000	1.000	-2.900	-16.800	125.000	70.800	68.300
3730742592.715	292.369	292.511	292.237	0.000	292.265	0.000	292.226	291.839	0.000	155.000	166.000	0.000	0.000	0.000	0.000	292.208	0.000	0.000	0.000	0.000	-0.142	-1.266	-1.422	0.181	-376.800	92.846	0.000	0.100	0.100	753.049	376.800	0.000	0.000	853.315	0.000	0.000	0.000	1.000	-2.900	-16.800	125.000	68.300	68.300
3730742602.714	292.373	292.516	292.235	0.000	292.266	0.000	292.234	291.839	0.000	155.000	166.000	0.000	0.000	0.000	0.000	292.225	0.000	0.000	0.000	0.000	0.161	-1.266	3.719	0.185	-376.800	93.449	0.000	0.100	0.100	760.085	376.800	0.000	0.000	856.400	0.000	0.000	0.000	1.000	-2.900	-16.800	125.000	70.800	66.400
3730742612.714	292.379	292.514	292.246	0.000	292.266	0.000	292.239	291.847	0.000	155.000	166.000	0.000	0.000	0.000	0.000	292.223	0.000	0.000	0.000	0.000	0.161	1.305	1.149	0.178	-376.800	93.078	0.000	0.100	0.100	762.431	376.800	0.000	0.000	861.028	0.000	0.000	0.000	1.000	-2.900	-16.800	124.700	68.900	68.300
3730742622.713	292.376	292.513	292.237	0.000	292.271	0.000	292.248	291.847	0.000	155.000	166.000	0.000	0.000	0.000	0.000	292.218	0.000	0.000	0.000	0.000	0.464	-1.266	1.149	0.174	-376.800	92.567	0.000	0.100	0.100	760.867	376.800	0.000	0.000	863.599	0.000	0.000	0.000	1.000	-2.900	-16.800	124.400	70.200	66.400
3730742632.714	292.370	292.511	292.249	0.000	292.277	0.000	292.238	291.848	0.000	155.000	166.000	0.000	0.000	0.000	0.000	292.214	0.000	0.000	0.000	0.000	0.766	1.305	3.719	0.181	-376.800	93.540	0.000	0.100	0.100	764.776	376.800	0.000	0.000	868.227	0.000	0.000	0.000	1.000	-2.900	-16.800	124.400	70.200	68.900
3730742642.715	292.383	292.496	292.240	0.000	292.276	0.000	292.245	291.848	0.000	155.000	166.000	0.000	0.000	0.000	0.000	292.228	0.000	0.000	0.000	0.000	0.161	3.876	3.719	0.181	-376.800	92.893	0.000	0.100	0.100	757.740	376.800	0.000	0.000	871.312	0.000	0.000	0.000	1.000	-2.900	-16.800	124.400	70.200	68.900
3730742652.714	292.375	292.500	292.241	0.000	292.257	0.000	292.241	291.848	0.000	155.000	166.000	0.000	0.000	0.000	0.000	292.219	0.000	0.000	0.000	0.000	-0.445	1.305	3.719	0.174	-376.800	93.078	0.000	0.100	0.100	759.303	376.800	0.000	0.000	874.398	0.000	0.000	0.000	1.000	-2.300	-16.800	124.200	70.200	68.300
3730742662.714	292.392	292.516	292.253	0.000	292.281	0.000	292.250	291.869	0.000	155.000	166.000	0.000	0.000	0.000	0.000	292.242	0.000	0.000	0.000	0.000	-0.142	-1.266	1.149	0.181	-376.800	92.891	0.000	0.100	0.100	757.740	376.800	0.000	0.000	871.312	0.000	0.000	0.000	1.000	-2.300	-16.800	124.200	70.800	68.900
3730742672.715	292.395	292.511	292.260	0.000	292.284	0.000	292.250	291.864	0.000	155.000	166.000	0.000	0.000	0.000	0.000	292.237	0.000	0.000	0.000	0.000	-0.142	3.876	3.719	0.178	-376.800	92.149	0.000	0.100	0.100	759.304	376.800	0.000	0.000	864.113	0.000	0.000	0.000	1.000	-2.900	-16.800	123.900	70.800	68.300
3730742682.714	292.389	292.492	292.246	0.000	292.279	0.000	292.247	291.850	0.000	155.000	166.000	0.000	0.000	0.000	0.000	292.226	0.000	0.000	0.000	0.000	0.464	3.876	1.149	0.178	-376.800	92.382	0.000	0.100	0.100	765.559	376.800	0.000	0.000	857.943	0.000	0.000	0.000	1.000	-2.300	-16.800	123.900	70.800	68.900
3730742692.714	292.382	292.485	292.238	0.000	292.264	0.000	292.235	291.850	0.000	155.000	166.000	0.000	0.000	0.000	0.000	292.216	0.000	0.000	0.000	0.000	-0.142	1.305	3.719	0.174	-376.800	92.337	0.000	0.100	0.100	760.867	376.800	0.000	0.000	850.230	0.000	0.000	0.000	1.000	-2.300	-16.800	123.900	70.200	68.900
3730742702.715	292.388	292.490	292.249	0.000	292.279	0.000	292.251	291.859	0.000	155.000	166.000	0.000	0.000	0.000	0.000	292.243	0.000	0.000	0.000	0.000	-0.142	-1.266	3.719	0.174	-376.800	92.569	0.000	0.100	0.100	760.086	376.800	0.000	0.000	843.031	0.000	0.000	0.000	1.000	-2.300	-16.800	123.900	70.200	68.900
3730742712.714	292.391	292.489	292.258	0.000	292.274	0.000	292.250	291.868	0.000	155.000	166.000	0.000	0.000	0.000	0.000	292.230	0.000	0.000	0.000	0.000	0.161	-1.266	3.719	0.181	-376.800	92.615	0.000	0.100	0.100	763.995	376.800	0.000	0.000	836.861	0.000	0.000	0.000	1.000	-2.300	-16.800	123.600	70.800	68.300
3730742722.714	292.367	292.473	292.227	0.000	292.260	0.000	292.238	291.843	0.000	155.000	166.000	0.000	0.000	0.000	0.000	292.210	0.000	0.000	0.000	0.000	-0.142	1.305	1.149	0.178	-376.800	92.337	0.000	0.100	0.100	764.777	376.800	0.000	0.000	829.662	0.000	0.000	0.000	1.000	-2.300	-16.800	123.300	71.500	68.900
3730742732.715	292.389	292.485	292.233	0.000	292.271	0.000	292.252	291.856	0.000	155.000	166.000	0.000	0.000	0.000	0.000	292.214	0.000	0.000	0.000	0.000	0.161	-1.266	1.149	0.181	-376.800	92.661	0.000	0.100	0.100	759.303	376.800	0.000	0.000	822.977	0.000	0.000	0.000	1.000	-1.900	-16.800	123.300	70.800	68.900
3730742742.714	292.383	292.482	292.241	0.000	292.270	0.000	292.256	291.856	0.000	155.000	166.000	0.000	0.000	0.000	0.000	292.221	0.000	0.000	0.000	0.000	-0.142	-1.266	1.149	0.174	-376.800	92.243	0.000	0.100	0.100	756.176	376.800	0.000	0.000	818.349	0.000	0.000	0.000	1.000	-1.900	-16.800	123.300	70.800	68.900
3730742752.713	292.380	292.488	292.242	0.000	292.276	0.000	292.261	291.865	0.000	155.000	166.000	0.000	0.000	0.000	0.000	292.222	0.000	0.000	0.000	0.000	0.161	-1.266	3.719	0.185	-376.800	92.752	0.000	0.100	0.100	763.995	376.800	0.000	0.000	821.949	0.000	0.000	0.000	1.000	-1.900	-16.800	123.100	70.200	68.900
3730742762.714	292.379	292.497	292.251	0.000	292.280	0.000	292.268	291.879	0.000	155.000	166.000	0.000	0.000	0.000	0.000	292.226	0.000	0.000	0.000	0.000	-0.142	-1.266	3.719	0.185	-376.800	93.216	0.000	0.100	0.100	763.213	376.800	0.000	0.000	824.520	0.000	0.000	0.000	1.000	-1.900	-16.800	122.800	70.800	69.500
3730742772.714	292.385	292.484	292.252	0.000	292.277	0.000	292.252	291.869	0.000	155.000	166.000	0.000	0.000	0.000	0.000	292.214	0.000	0.000	0.000	0.000	0.161	-1.266	1.149	0.181	-376.800	93.355	0.000	0.100	0.100	769.468	376.800	0.000	0.000	829.148	0.000	0.000	0.000	1.000	-1.900	-16.800	122.800	69.500	69.500
3730742782.714	292.387	292.489	292.252	0.000	292.273	0.000	292.255	291.866	0.000	155.000	166.000	0.000	0.000	0.000	0.000	292.228	0.000	0.000	0.000	0.000	-0.142	1.305	-1.422	0.178	-376.800	92.892	0.000	0.100	0.100	757.739	376.800	0.000	0.000	833.261	0.000	0.000	0.000	1.000	-1.900	-16.800	122.800	71.500	68.900
3730742792.714	292.388	292.486	292.246	0.000	292.273	0.000	292.255	291.864	0.000	155.000	166.000	0.000	0.000	0.000	0.000	292.222	0.000	0.000	0.000	0.000	-0.142	-1.266	6.290	0.174	-376.800	92.521	0.000	0.100	0.100	760.867	376.800	0.000	0.000	837.375	0.000	0.000	0.000	1.000	-1.900	-16.800	122.800	71.500	69.500
3730742802.714	292.373	292.485	292.243	0.000	292.270	0.000	292.252	291.856	0.000	155.000	166.000	0.000	0.000	0.000	0.000	292.226	0.000	0.000	0.000	0.000	0.161	3.876	1.149	0.178	-376.800	92.847	0.000	0.100	0.100	764.777	376.800	0.000	0.000	840.974	0.000	0.000	0.000	1.000	-1.900	-16.800	122.800	71.500	68.900
3730742812.714	292.379	292.487	292.242	0.000	292.264	0.000	292.249	291.854	0.000	155.000	166.000	0.000	0.000	0.000	0.000	292.207	0.000	0.000	0.000	0.000	0.464	1.305	1.149	0.181	-376.800	92.800	0.000	0.100	0.100	753.048	376.800	0.000	0.000	844.574	0.000	0.000	0.000	1.000	-1.900	-16.800	122.500	71.500	67.000
3730742822.715	292.389	292.510	292.252	0.000	292.278	0.000	292.256	291.863	0.000	155.000	166.000	0.000	0.000	0.000	0.000	292.232	0.000	0.000	0.000	0.000	0.161	1.305	3.719	0.181	-376.800	92.847	0.000	0.100	0.100	760.086	376.800	0.000	0.000	848.687	0.000	0.000	0.000	1.000	-1.900	-16.800	122.500	68.900	69.500
3730742832.714	292.382	292.509	292.250	0.000	292.272	0.000	292.266	291.856	0.000	155.000	166.000	0.000	0.000	0.000	0.000	292.229	0.000	0.000	0.000	0.000	-0.142	1.305	3.719	0.181	-376.800	93.031	0.000	0.100	0.100	758.522	376.800	0.000	0.000	851.773	0.000	0.000	0.000	1.000	-1.900	-16.800	122.500	71.500	68.900
3730742842.714	292.385	292.482	292.237	0.000	292.271	0.000	292.252	291.853	0.000	155.000	166.000	0.000	0.000	0.000	0.000	292.210	0.000	0.000	0.000	0.000	0.161	-1.266	3.719	0.181	-376.800	93.078	0.000	0.100	0.100	756.176	376.800	0.000	0.000	856.915	0.000	0.000	0.000	1.000	-1.900	-16.800	122.200	72.100	69.500
3730742852.714	292.381	292.495	292.246	0.000	292.278	0.000	292.256	291.860	0.000	155.000	166.000	0.000	0.000	0.000	0.000	292.231	0.000	0.000	0.000	0.000	-0.142	-1.266	6.290	0.178	-376.800	92.800	0.000	0.100	0.100	761.649	376.800	0.000	0.000	858.971	0.000	0.000	0.000	1.000	-1.900	-16.800	122.200	71.500	69.500
3730742862.714	292.393	292.506	292.253	0.000	292.281	0.000	292.263	291.867	0.000	155.000	166.000	0.000	0.000	0.000	0.000	292.231	0.000	0.000	0.000	0.000	-0.142	-1.266	6.290	0.181	-376.800	93.264	0.000	0.100	0.100	760.867	376.800	0.000	0.000	862.571	0.000	0.000	0.000	1.000	-1.900	-16.800	122.200	69.500	69.500
3730742872.713	292.382	292.511	292.251	0.000	292.296	0.000	292.257	291.868	0.000	155.000	166.000	0.000	0.000	0.000	0.000	292.218	0.000	0.000	0.000	0.000	-0.445	-1.266	3.719	0.181	-376.800	93.170	0.000	0.100	0.100	756.957	376.800	0.000	0.000	866.170	0.000	0.000	0.000	1.000	-1.900	-16.800	122.200	71.500	69.500
3730742882.714	292.401	292.510	292.253	0.000	292.294	0.000	292.267	291.874	0.000	155.000	166.000	0.000	0.000	0.000	0.000	292.225	0.000	0.000	0.000	0.000	-0.142	-1.266	3.719	0.171	-376.800	92.891	0.000	0.100	0.100	763.213	376.800	0.000	0.000	870.798	0.000	0.000	0.000	1.000	-1.900	-16.800	122.000	71.500	69.500
3730742892.715	292.381	292.497	292.249	0.000	292.287	0.000	292.262	291.857	0.000	155.000	166.000	0.000	0.000	0.000	0.000	292.226	0.000	0.000	0.000	0.000	-0.142	3.876	1.149	0.178	-376.800	92.706	0.000	0.100	0.100	759.303	376.800	0.000	0.000	873.883	0.000	0.000	0.000	1.000	-1.900	-16.800	122.000	72.100	69.500
3730742902.714	292.394	292.502	292.261	0.000	292.284	0.000	292.272	291.867	0.000	155.000	166.000	0.000	0.000	0.000	0.000	292.231	0.000	0.000	0.000	0.000	0.161	-1.266	3.719	0.178	-376.800	92.707	0.000	0.100	0.100	766.340	376.800	0.000	0.000	875.426	0.000	0.000	0.000	1.000	-1.900	-16.800	122.000	72.100	70.800
3730742912.715	292.391	292.499	292.246	0.000	292.286	0.000	292.257	291.858	0.000	155.000	166.000	0.000	0.000	0.000	0.000	292.230	0.000	0.000	0.000	0.000	0.161	-1.266	1.149	0.174	-376.800	92.522	0.000	0.100	0.100	760.085	376.800	0.000	0.000	868.227	0.000	0.000	0.000	1.000	-1.900	-16.800	122.000	72.100	68.300
3730742922.714	292.395	292.510	292.260	0.000	292.286	0.000	292.266	291.866	0.000	155.000	166.000	0.000	0.000	0.000	0.000	292.229	0.000	0.000	0.000	0.000	0.161	1.305	1.149	0.174	-376.800	92.475	0.000	0.100	0.100	756.176	376.800	0.000	0.000	860.514	0.000	0.000	0.000	1.000	-1.900	-16.800	121.700	72.100	70.800
3730742932.715	292.387	292.517	292.255	0.000	292.280	0.000	292.269	291.868	0.000	155.000	166.000	0.000	0.000	0.000	0.000	292.227	0.000	0.000	0.000	0.000	-0.445	-1.266	6.290	0.174	-376.800	92.753	0.000	0.100	0.100	762.431	376.800	0.000	0.000	854.344	0.000	0.000	0.000	1.000	-1.900	-16.800	121.700	72.100	68.900
3730742942.715	292.388	292.506	292.251	0.000	292.287	0.000	292.260	291.859	0.000	155.000	166.000	0.000	0.000	0.000	0.000	292.229	0.000	0.000	0.000	0.000	0.464	3.876	3.719	0.181	-376.800	92.753	0.000	0.100	0.100	760.085	376.800	0.000	0.000	847.145	0.000	0.000	0.000	1.000	-1.300	-16.800	121.700	72.100	68.900
3730742952.714	292.388	292.507	292.249	0.000	292.291	0.000	292.261	291.849	0.000	155.000	166.000	0.000	0.000	0.000	0.000	292.221	0.000	0.000	0.000	0.000	-0.142	-1.266	6.290	0.174	-376.800	92.753	0.000	0.100	0.100	759.303	376.800	0.000	0.000	840.460	0.000	0.000	0.000	1.000	-1.300	-16.800	121.400	70.800	70.200
3730742962.714	292.402	292.509	292.254	0.000	292.285	0.000	292.264	291.858	0.000	155.000	166.000	0.000	0.000	0.000	0.000	292.220	0.000	0.000	0.000	0.000	0.161	3.876	-1.422	0.178	-376.800	92.799	0.000	0.100	0.100	767.904	376.800	0.000	0.000	832.747	0.000	0.000	0.000	1.000	-1.300	-16.800	121.100	72.700	70.800
3730742972.714	292.400	292.506	292.254	0.000	292.284	0.000	292.277	291.857	0.000	155.000	166.000	0.000	0.000	0.000	0.000	292.228	0.000	0.000	0.000	0.000	-0.142	-1.266	3.719	0.178	-376.800	92.891	0.000	0.100	0.100	756.176	376.800	0.000	0.000	826.577	0.000	0.000	0.000	1.000	-1.300	-16.800	121.100	70.200	70.800
3730742982.715	292.393	292.507	292.245	0.000	292.290	0.000	292.258	291.852	0.000	155.000	166.000	0.000	0.000	0.000	0.000	292.232	0.000	0.000	0.000	0.000	-0.142	1.305	1.149	0.174	-376.800	93.402	0.000	0.100	0.100	763.213	376.800	0.000	0.000	820.406	0.000	0.000	0.000	1.000	-1.300	-16.800	121.100	72.100	70.200
3730742992.714	292.398	292.512	292.253	0.000	292.298	0.000	292.267	291.852	0.000	155.000	166.000	0.000	0.000	0.000	0.000	292.238	0.000	0.000	0.000	0.000	-0.142	-3.836	6.290	0.181	-376.800	92.568	0.000	0.100	0.100	762.431	376.800	0.000	0.000	820.406	0.000	0.000	0.000	1.000	-1.300	-16.800	121.100	72.100	68.900
3730743002.714	292.397	292.491	292.243	0.000	292.278	0.000	292.250	291.844	0.000	155.000	166.000	0.000	0.000	0.000	0.000	292.233	0.000	0.000	0.000	0.000	-0.142	1.305	1.149	0.185	-376.800	93.355	0.000	0.100	0.100	753.830	376.800	0.000	0.000	824.520	0.000	0.000	0.000	1.000	-1.300	-16.800	120.800	72.100	68.300
3730743012.715	292.409	292.503	292.257	0.000	292.307	0.000	292.268	291.861	0.000	155.000	166.000	0.000	0.000	0.000	0.000	292.248	0.000	0.000	0.000	0.000	-0.142	-1.266	3.719	0.174	-376.800	92.752	0.000	0.100	0.100	756.958	376.800	0.000	0.000	828.119	0.000	0.000	0.000	1.000	-1.300	-16.800	120.600	72.100	70.800
3730743022.714	292.389	292.489	292.243	0.000	292.279	0.000	292.259	291.852	0.000	155.000	166.000	0.000	0.000	0.000	0.000	292.228	0.000	0.000	0.000	0.000	0.161	-1.266	1.149	0.171	-376.800	93.262	0.000	0.100	0.100	763.994	376.800	0.000	0.000	832.747	0.000	0.000	0.000	1.000	-1.300	-16.800	120.600	73.400	71.500
3730743032.714	292.414	292.493	292.251	0.000	292.288	0.000	292.271	291.859	0.000	155.000	166.000	0.000	0.000	0.000	0.000	292.235	0.000	0.000	0.000	0.000	0.464	-1.266	1.149	0.178	-376.800	92.660	0.000	0.100	0.100	763.995	376.800	0.000	0.000	835.832	0.000	0.000	0.000	1.000	-1.300	-16.800	120.600	72.700	71.500
3730743042.714	292.413	292.492	292.255	0.000	292.291	0.000	292.264	291.853	0.000	155.000	166.000	0.000	0.000	0.000	0.000	292.229	0.000	0.000	0.000	0.000	-0.142	-3.836	6.290	0.178	-376.800	92.429	0.000	0.100	0.100	763.213	376.800	0.000	0.000	839.946	0.000	0.000	0.000	1.000	-1.300	-16.800	120.600	72.700	71.500
3730743052.714	292.401	292.485	292.250	0.000	292.281	0.000	292.257	291.853	0.000	155.000	166.000	0.000	0.000	0.000	0.000	292.232	0.000	0.000	0.000	0.000	-0.142	-1.266	1.149	0.181	-376.800	92.847	0.000	0.100	0.100	756.958	376.800	0.000	0.000	843.545	0.000	0.000	0.000	1.000	-1.300	-16.800	120.200	72.100	71.500
3730743062.714	292.405	292.483	292.258	0.000	292.293	0.000	292.272	291.860	0.000	155.000	166.000	0.000	0.000	0.000	0.000	292.251	0.000	0.000	0.000	0.000	-0.445	-1.266	3.719	0.181	-376.800	92.568	0.000	0.100	0.100	765.559	376.800	0.000	0.000	846.630	0.000	0.000	0.000	1.000	-1.300	-16.800	120.000	73.400	71.500
3730743072.713	292.398	292.488	292.259	0.000	292.294	0.000	292.264	291.866	0.000	155.000	166.000	0.000	0.000	0.000	0.000	292.253	0.000	0.000	0.000	0.000	0.161	3.876	3.719	0.178	-376.800	92.939	0.000	0.100	0.100	757.739	376.800	0.000	0.000	850.744	0.000	0.000	0.000	1.000	-1.300	-16.800	120.000	73.400	70.800
3730743082.714	292.410	292.506	292.266	0.000	292.297	0.000	292.277	291.873	0.000	155.000	166.000	0.000	0.000	0.000	0.000	292.266	0.000	0.000	0.000	0.000	-0.445	1.305	6.290	0.181	-376.800	92.845	0.000	0.100	0.100	762.431	376.800	0.000	0.000	854.344	0.000	0.000	0.000	1.000	-1.300	-16.800	120.000	73.400	71.500
3730743092.714	292.395	292.500	292.261	0.000	292.291	0.000	292.270	291.859	0.000	155.000	166.000	0.000	0.000	0.000	0.000	292.259	0.000	0.000	0.000	0.000	0.161	1.305	1.149	0.181	-376.800	93.309	0.000	0.100	0.100	763.995	376.800	0.000	0.000	858.457	0.000	0.000	0.000	1.000	-1.300	-16.800	119.700	73.400	71.500
3730743102.713	292.392	292.497	292.255	0.000	292.290	0.000	292.271	291.868	0.000	155.000	166.000	0.000	0.000	0.000	0.000	292.264	0.000	0.000	0.000	0.000	-0.445	-1.266	6.290	2458.596	-376.800	93.401	0.000	0.100	0.100	761.649	376.800	0.000	0.000	861.542	0.000	0.000	0.000	1.000	-1.300	-16.800	119.700	71.500	71.500
3730743112.714	292.403	292.499	292.266	0.000	292.302	0.000	292.282	291.870	0.000	155.000	166.000	0.000	0.000	0.000	0.000	292.270	0.000	0.000	0.000	0.000	-0.142	1.305	1.149	4444.871	-376.800	92.707	0.000	0.100	0.100	759.303	376.800	0.000	0.000	865.142	0.000	0.000	0.000	1.000	-1.300	-16.800	119.700	72.100	71.500
3730743122.713	292.391	292.500	292.254	0.000	292.292	0.000	292.273	291.864	0.000	155.000	166.000	0.000	0.000	0.000	0.000	292.270	0.000	0.000	0.000	0.000	-0.445	1.305	6.290	3795.596	-376.800	93.448	0.000	0.100	0.100	757.739	376.800	0.000	0.000	868.741	0.000	0.000	0.000	1.000	-1.300	-16.800	119.700	73.400	71.500
3730743132.713	292.377	292.486	292.268	0.000	292.292	0.000	292.265	291.856	0.000	155.000	166.000	0.000	0.000	0.000	0.000	292.268	0.000	0.000	0.000	0.000	0.161	1.305	3.719	3177.813	-376.800	92.985	0.000	0.100	0.100	757.740	376.800	0.000	0.000	871.827	0.000	0.000	0.000	1.000	-1.300	-16.300	119.700	73.400	71.500
3730743142.715	292.373	292.472	292.255	0.000	292.280	0.000	292.257	291.861	0.000	155.000	166.000	0.000	0.000	0.000	0.000	292.265	0.000	0.000	0.000	0.000	-0.142	-1.266	3.719	2557.596	-376.800	93.912	0.000	0.100	0.100	764.776	376.800	0.000	0.000	875.940	0.000	0.000	0.000	1.000	-1.300	-16.300	119.500	72.700	72.100
3730743152.715	292.394	292.482	292.273	0.000	292.295	0.000	292.271	291.876	0.000	155.000	166.000	0.000	0.000	0.000	0.000	292.273	0.000	0.000	0.000	0.000	0.161	1.305	6.290	2058.427	-376.800	93.216	0.000	0.100	0.100	763.994	376.800	0.000	0.000	871.827	0.000	0.000	0.000	1.000	-1.300	-16.300	119.500	74.000	70.800
3730743162.715	292.373	292.483	292.262	0.000	292.285	0.000	292.265	291.867	0.000	155.000	166.000	0.000	0.000	0.000	0.000	292.275	0.000	0.000	0.000	0.000	0.464	-1.266	1.149	1757.747	-376.800	92.798	0.000	0.100	0.100	763.995	376.800	0.000	0.000	865.142	0.000	0.000	0.000	1.000	-1.300	-16.300	119.500	74.000	71.500
3730743172.714	292.388	292.488	292.268	0.000	292.285	0.000	292.275	291.871	0.000	155.000	166.000	0.000	0.000	0.000	0.000	292.286	0.000	0.000	0.000	0.000	-0.142	1.305	6.290	1471.651	-376.800	92.937	0.000	0.100	0.100	762.431	376.800	0.000	0.000	857.943	0.000	0.000	0.000	1.000	-1.300	-16.300	119.500	74.000	72.100
3730743182.714	292.376	292.481	292.266	0.000	292.294	0.000	292.269	291.869	0.000	155.000	166.000	0.000	0.000	0.000	0.000	292.274	0.000	0.000	0.000	0.000	-0.142	1.305	1.149	1256.682	-376.800	93.123	0.000	0.100	0.100	756.175	376.800	0.000	0.000	851.258	0.000	0.000	0.000	1.000	-1.300	-16.300	118.900	74.000	72.100
3730743192.713	292.365	292.473	292.263	0.000	292.288	0.000	292.263	291.867	0.000	155.000	166.000	0.000	0.000	0.000	0.000	292.275	0.000	0.000	0.000	0.000	-0.142	1.305	6.290	1052.141	-376.800	92.381	0.000	0.100	0.100	763.995	376.800	0.000	0.000	844.059	0.000	0.000	0.000	1.000	-1.300	-16.300	118.600	73.400	69.500
3730743202.714	292.374	292.480	292.256	0.000	292.283	0.000	292.263	291.860	0.000	155.000	166.000	0.000	0.000	0.000	0.000	292.285	0.000	0.000	0.000	0.000	-0.142	-1.266	3.719	934.630	-376.800	93.355	0.000	0.100	0.100	764.776	376.800	0.000	0.000	836.861	0.000	0.000	0.000	1.000	-0.900	-16.300	118.600	74.000	72.100
3730743212.714	292.368	292.472	292.250	0.000	292.279	0.000	292.265	291.856	0.000	155.000	166.000	0.000	0.000	0.000	0.000	292.276	0.000	0.000	0.000	0.000	-0.747	-1.266	6.290	814.016	-376.800	93.217	0.000	0.100	0.100	768.686	376.800	0.000	0.000	830.690	0.000	0.000	0.000	1.000	-1.300	-16.300	118.600	74.000	69.500
3730743222.713	292.376	292.471	292.250	0.000	292.282	0.000	292.261	291.867	0.000	155.000	166.000	0.000	0.000	0.000	0.000	292.276	0.000	0.000	0.000	0.000	-0.142	-1.266	3.719	695.110	-376.800	93.218	0.000	0.100	0.100	764.777	376.800	0.000	0.000	823.491	0.000	0.000	0.000	1.000	-1.300	-16.300	118.600	74.000	72.100
3730743232.715	292.371	292.491	292.266	0.000	292.289	0.000	292.256	291.867	0.000	155.000	166.000	0.000	0.000	0.000	0.000	292.278	0.000	0.000	0.000	0.000	-0.142	-1.266	3.719	593.573	-376.800	92.522	0.000	0.100	0.100	769.468	376.800	0.000	0.000	817.835	0.000	0.000	0.000	1.000	-1.300	-16.300	118.600	74.000	72.100
3730743242.715	292.384	292.494	292.279	0.000	292.298	0.000	292.273	291.879	0.000	155.000	166.000	0.000	0.000	0.000	0.000	292.278	0.000	0.000	0.000	0.000	0.464	1.305	1.149	516.973	-376.800	92.985	0.000	0.100	0.100	760.085	376.800	0.000	0.000	822.463	0.000	0.000	0.000	1.000	-1.300	-15.800	118.200	71.500	72.100
3730743252.715	292.383	292.496	292.271	0.000	292.299	0.000	292.268	291.882	0.000	155.000	166.000	0.000	0.000	0.000	0.000	292.271	0.000	0.000	0.000	0.000	-0.142	-1.266	3.719	450.257	-376.800	92.939	0.000	0.100	0.100	764.777	376.800	0.000	0.000	826.577	0.000	0.000	0.000	1.000	-1.300	-15.800	118.200	72.100	72.100
3730743262.714	292.386	292.505	292.267	0.000	292.301	0.000	292.271	291.876	0.000	155.000	166.000	0.000	0.000	0.000	0.000	292.267	0.000	0.000	0.000	0.000	0.161	1.305	3.719	392.152	-376.800	93.264	0.000	0.100	0.100	767.122	376.800	0.000	0.000	830.176	0.000	0.000	0.000	1.000	-1.300	-16.300	118.200	74.000	72.700
3730743272.714	292.385	292.497	292.273	0.000	292.293	0.000	292.271	291.872	0.000	155.000	166.000	0.000	0.000	0.000	0.000	292.257	0.000	0.000	0.000	0.000	-0.142	1.305	3.719	355.297	-376.800	93.263	0.000	0.100	0.100	756.176	376.800	0.000	0.000	833.775	0.000	0.000	0.000	1.000	-0.900	-15.800	118.200	74.000	72.100
