3730819304.000	292.663	292.888	292.580	0.000	292.566	0.000	292.517	292.378	0.000	155.000	166.000	0.000	0.000	0.000	0.000	292.651	0.000	0.000	0.000	0.000	0.464	-1.266	1.149	1.500	-376.800	94.096	0.000	0.100	0.100	760.867	376.800	0.000	0.000	858.457	0.000	0.000	0.000	1.000	-16.300	-25.700	159.600	119.900	8.300
3730819340.714	292.689	292.899	292.594	0.000	292.569	0.000	292.521	292.389	0.000	155.000	166.000	0.000	0.000	0.000	0.000	292.650	0.000	0.000	0.000	0.000	-0.142	1.305	-1.422	1.500	-376.800	92.937	0.000	0.100	0.100	749.920	376.800	0.000	0.000	876.454	0.000	0.000	0.000	1.000	-16.800	-25.700	159.400	121.200	8.900
3730819342.714	292.680	292.897	292.581	0.000	292.562	0.000	292.513	292.384	0.000	155.000	166.000	0.000	0.000	0.000	0.000	292.656	0.000	0.000	0.000	0.000	0.161	1.305	3.719	1.500	-376.800	92.798	0.000	0.100	0.100	757.740	376.800	0.000	0.000	853.829	0.000	0.000	0.000	1.000	-16.300	-25.200	159.600	123.100	8.300
3730819344.714	292.677	292.895	292.583	0.000	292.566	0.000	292.526	292.386	0.000	155.000	166.000	0.000	0.000	0.000	0.000	292.655	0.000	0.000	0.000	0.000	-0.142	-1.266	3.719	1.500	-376.800	92.335	0.000	0.100	0.100	765.559	376.800	0.000	0.000	824.520	0.000	0.000	0.000	1.000	-16.300	-25.700	159.600	121.200	8.900
3730819346.714	292.672	292.900	292.592	0.000	292.559	0.000	292.521	292.378	0.000	155.000	166.000	0.000	0.000	0.000	0.000	292.656	0.000	0.000	0.000	0.000	-0.142	3.876	3.719	1.500	-376.800	93.077	0.000	0.100	0.100	758.521	376.800	0.000	0.000	842.517	0.000	0.000	0.000	1.000	-16.300	-25.700	159.600	127.600	8.900
3730819348.715	292.676	292.882	292.587	0.000	292.549	0.000	292.510	292.372	0.000	155.000	166.000	0.000	0.000	0.000	0.000	292.649	0.000	0.000	0.000	0.000	-0.142	1.305	1.149	1.500	-376.800	92.660	0.000	0.100	0.100	753.048	376.800	0.000	0.000	861.542	0.000	0.000	0.000	1.000	-16.800	-25.200	159.600	125.700	9.600
3730819350.714	292.686	292.894	292.604	0.000	292.573	0.000	292.532	292.387	0.000	155.000	166.000	0.000	0.000	0.000	0.000	292.663	0.000	0.000	0.000	0.000	0.464	1.305	-1.422	1.470	-376.800	93.309	0.000	0.100	0.100	756.957	376.800	0.000	0.000	879.540	0.000	0.000	0.000	1.000	-16.300	-25.200	159.800	125.000	8.300
3730819352.714	292.689	292.898	292.590	0.000	292.569	0.000	292.521	292.388	0.000	155.000	166.000	0.000	0.000	0.000	0.000	292.660	0.000	0.000	0.000	0.000	-0.445	1.305	3.719	1.500	-376.800	93.495	0.000	0.100	0.100	763.212	376.800	0.000	0.000	847.145	0.000	0.000	0.000	1.000	-16.300	-25.200	159.800	124.400	8.900
3730819354.715	292.688	292.901	292.587	0.000	292.560	0.000	292.521	292.379	0.000	155.000	166.000	0.000	0.000	0.000	0.000	292.654	0.000	0.000	0.000	0.000	-0.142	1.305	1.149	1.500	-376.800	92.383	0.000	0.100	0.100	760.867	376.800	0.000	0.000	826.577	0.000	0.000	0.000	1.000	-16.300	-25.200	159.800	127.000	9.600
3730819356.715	292.683	292.896	292.576	0.000	292.558	0.000	292.521	292.383	0.000	155.000	166.000	0.000	0.000	0.000	0.000	292.654	0.000	0.000	0.000	0.000	-0.142	1.305	1.149	1.500	-376.800	93.496	0.000	0.100	0.100	762.431	376.800	0.000	0.000	846.630	0.000	0.000	0.000	1.000	-16.300	-25.200	159.800	119.900	8.300
3730819358.713	292.674	292.900	292.585	0.000	292.565	0.000	292.528	292.390	0.000	155.000	166.000	0.000	0.000	0.000	0.000	292.660	0.000	0.000	0.000	0.000	0.161	3.876	1.149	1.530	-376.800	92.939	0.000	0.100	0.100	753.048	376.800	0.000	0.000	865.142	0.000	0.000	0.000	1.000	-16.300	-25.700	159.800	119.300	8.900
3730819360.714	292.688	292.885	292.584	0.000	292.564	0.000	292.524	292.376	0.000	155.000	166.000	0.000	0.000	0.000	0.000	292.651	0.000	0.000	0.000	0.000	0.464	1.305	1.149	1.500	-376.800	92.847	0.000	0.100	0.100	763.995	376.800	0.000	0.000	875.940	0.000	0.000	0.000	1.000	-16.300	-25.200	159.800	121.900	9.600
3730819362.714	292.678	292.889	292.580	0.000	292.550	0.000	292.511	292.373	0.000	155.000	166.000	0.000	0.000	0.000	0.000	292.653	0.000	0.000	0.000	0.000	-0.142	-1.266	3.719	1.470	-376.800	93.125	0.000	0.100	0.100	764.777	376.800	0.000	0.000	839.946	0.000	0.000	0.000	1.000	-16.300	-25.200	159.800	120.600	8.300
3730819364.713	292.683	292.904	292.592	0.000	292.568	0.000	292.527	292.390	0.000	155.000	166.000	0.000	0.000	0.000	0.000	292.653	0.000	0.000	0.000	0.000	-0.142	1.305	1.149	1.500	-376.800	93.403	0.000	0.100	0.100	762.430	376.800	0.000	0.000	830.690	0.000	0.000	0.000	1.000	-16.300	-25.700	159.800	122.500	7.000
3730819366.713	292.689	292.898	292.591	0.000	292.569	0.000	292.532	292.388	0.000	155.000	166.000	0.000	0.000	0.000	0.000	292.661	0.000	0.000	0.000	0.000	-0.445	-1.266	3.719	1.500	-376.800	93.032	0.000	0.100	0.100	762.431	376.800	0.000	0.000	850.230	0.000	0.000	0.000	1.000	-16.300	-25.200	159.800	119.900	9.600
3730819368.715	292.686	292.894	292.583	0.000	292.561	0.000	292.516	292.380	0.000	155.000	166.000	0.000	0.000	0.000	0.000	292.649	0.000	0.000	0.000	0.000	-0.445	1.305	3.719	1.530	-376.800	92.985	0.000	0.100	0.100	755.394	376.800	0.000	0.000	868.741	0.000	0.000	0.000	1.000	-16.300	-25.200	159.800	121.200	7.000
3730819370.714	292.681	292.897	292.583	0.000	292.562	0.000	292.529	292.386	0.000	155.000	166.000	0.000	0.000	0.000	0.000	292.667	0.000	0.000	0.000	0.000	-0.142	1.305	1.149	1.500	-376.800	92.475	0.000	0.100	0.100	753.830	376.800	0.000	0.000	869.255	0.000	0.000	0.000	1.000	-16.300	-25.200	159.800	122.500	8.300
3730819372.715	292.684	292.898	292.593	0.000	292.572	0.000	292.520	292.388	0.000	155.000	166.000	0.000	0.000	0.000	0.000	292.662	0.000	0.000	0.000	0.000	-0.142	1.305	3.719	1.500	-376.800	92.660	0.000	0.100	0.100	765.558	376.800	0.000	0.000	833.775	0.000	0.000	0.000	1.000	-16.300	-25.700	159.800	123.100	8.300
3730819374.714	292.685	292.899	292.582	0.000	292.563	0.000	292.520	292.384	0.000	155.000	166.000	0.000	0.000	0.000	0.000	292.658	0.000	0.000	0.000	0.000	-0.142	-1.266	1.149	1.500	-376.800	93.309	0.000	0.100	0.100	763.994	376.800	0.000	0.000	835.318	0.000	0.000	0.000	1.000	-16.300	-25.200	159.800	126.300	8.300
3730819376.714	292.685	292.896	292.592	0.000	292.570	0.000	292.520	292.385	0.000	155.000	166.000	0.000	0.000	0.000	0.000	292.662	0.000	0.000	0.000	0.000	-0.142	-1.266	-1.422	1.530	-376.800	93.216	0.000	0.100	0.100	756.957	376.800	0.000	0.000	853.315	0.000	0.000	0.000	1.000	-16.300	-25.200	159.800	126.300	9.600
3730819378.715	292.685	292.893	292.583	0.000	292.564	0.000	292.520	292.384	0.000	155.000	166.000	0.000	0.000	0.000	0.000	292.659	0.000	0.000	0.000	0.000	0.464	-1.266	3.719	1.470	-376.800	92.474	0.000	0.100	0.100	756.175	376.800	0.000	0.000	871.827	0.000	0.000	0.000	1.000	-16.300	-25.200	159.800	119.900	8.300
3730819380.715	292.682	292.903	292.583	0.000	292.557	0.000	292.531	292.382	0.000	155.000	166.000	0.000	0.000	0.000	0.000	292.664	0.000	0.000	0.000	0.000	0.161	3.876	1.149	1.500	-376.800	92.752	0.000	0.100	0.100	762.430	376.800	0.000	0.000	862.057	0.000	0.000	0.000	1.000	-16.300	-25.200	159.800	127.000	8.300
3730819382.714	292.686	292.888	292.580	0.000	292.562	0.000	292.518	292.386	0.000	155.000	166.000	0.000	0.000	0.000	0.000	292.666	0.000	0.000	0.000	0.000	-0.142	3.876	1.149	1.530	-376.800	93.123	0.000	0.100	0.100	760.867	376.800	0.000	0.000	827.605	0.000	0.000	0.000	1.000	-16.300	-25.200	159.800	126.300	8.300
3730819384.715	292.687	292.899	292.594	0.000	292.564	0.000	292.525	292.392	0.000	155.000	166.000	0.000	0.000	0.000	0.000	292.667	0.000	0.000	0.000	0.000	0.464	1.305	3.719	1.500	-376.800	92.659	0.000	0.100	0.100	759.303	376.800	0.000	0.000	838.403	0.000	0.000	0.000	1.000	-16.300	-25.200	159.800	124.400	8.300
3730819386.715	292.682	292.882	292.572	0.000	292.552	0.000	292.512	292.373	0.000	155.000	166.000	0.000	0.000	0.000	0.000	292.654	0.000	0.000	0.000	0.000	0.161	-1.266	1.149	1.500	-376.800	92.659	0.000	0.100	0.100	755.393	376.800	0.000	0.000	856.915	0.000	0.000	0.000	1.000	-16.300	-25.200	159.800	121.200	8.900
3730819388.715	292.694	292.900	292.591	0.000	292.563	0.000	292.531	292.392	0.000	155.000	166.000	0.000	0.000	0.000	0.000	292.668	0.000	0.000	0.000	0.000	0.161	-1.266	6.290	1.500	-376.800	92.196	0.000	0.100	0.100	759.303	376.800	0.000	0.000	875.940	0.000	0.000	0.000	1.000	-16.300	-25.200	160.100	121.200	9.600
3730819390.714	292.686	292.889	292.587	0.000	292.558	0.000	292.512	292.383	0.000	155.000	166.000	0.000	0.000	0.000	0.000	292.655	0.000	0.000	0.000	0.000	0.161	3.876	1.149	1.470	-376.800	92.706	0.000	0.100	0.100	766.340	376.800	0.000	0.000	855.372	0.000	0.000	0.000	1.000	-16.300	-25.200	160.100	119.300	7.700
3730819392.715	292.679	292.887	292.579	0.000	292.558	0.000	292.510	292.384	0.000	155.000	166.000	0.000	0.000	0.000	0.000	292.653	0.000	0.000	0.000	0.000	-0.142	1.305	3.719	1.500	-376.800	92.984	0.000	0.100	0.100	757.739	376.800	0.000	0.000	822.463	0.000	0.000	0.000	1.000	-16.300	-25.200	160.100	121.200	8.900
3730819394.713	292.691	292.897	292.594	0.000	292.564	0.000	292.526	292.390	0.000	155.000	166.000	0.000	0.000	0.000	0.000	292.660	0.000	0.000	0.000	0.000	-0.142	3.876	6.290	1.470	-376.800	93.076	0.000	0.100	0.100	759.303	376.800	0.000	0.000	842.517	0.000	0.000	0.000	1.000	-16.300	-25.200	160.100	125.000	9.600
3730819396.715	292.686	292.895	292.589	0.000	292.551	0.000	292.518	292.374	0.000	155.000	166.000	0.000	0.000	0.000	0.000	292.654	0.000	0.000	0.000	0.000	0.161	3.876	1.149	1.530	-376.800	93.169	0.000	0.100	0.100	753.048	376.800	0.000	0.000	860.514	0.000	0.000	0.000	1.000	-16.300	-25.200	159.800	122.500	8.300
3730819398.715	292.693	292.907	292.593	0.000	292.562	0.000	292.529	292.387	0.000	155.000	166.000	0.000	0.000	0.000	0.000	292.670	0.000	0.000	0.000	0.000	-0.142	-1.266	1.149	1.530	-376.800	93.355	0.000	0.100	0.100	764.776	376.800	0.000	0.000	836.861	0.000	0.000	0.000	1.000	-16.300	-25.200	160.100	118.700	9.600
3730819400.713	292.692	292.895	292.585	0.000	292.560	0.000	292.522	292.383	0.000	155.000	166.000	0.000	0.000	0.000	0.000	292.666	0.000	0.000	0.000	0.000	0.161	1.305	3.719	1.500	-376.800	92.984	0.000	0.100	0.100	753.830	376.800	0.000	0.000	848.173	0.000	0.000	0.000	1.000	-16.300	-25.200	160.100	121.200	8.300
3730819402.714	292.693	292.896	292.580	0.000	292.554	0.000	292.521	292.385	0.000	155.000	166.000	0.000	0.000	0.000	0.000	292.659	0.000	0.000	0.000	0.000	0.161	-1.266	6.290	1.500	-376.800	92.891	0.000	0.100	0.100	757.739	376.800	0.000	0.000	852.801	0.000	0.000	0.000	1.000	-15.800	-25.200	160.100	123.100	8.300
3730819404.713	292.689	292.899	292.584	0.000	292.559	0.000	292.512	292.373	0.000	155.000	166.000	0.000	0.000	0.000	0.000	292.651	0.000	0.000	0.000	0.000	-0.142	3.876	-1.422	1.470	-376.800	92.474	0.000	0.100	0.100	760.085	376.800	0.000	0.000	846.116	0.000	0.000	0.000	1.000	-16.300	-25.200	160.100	124.400	7.700
3730819406.714	292.695	292.902	292.581	0.000	292.562	0.000	292.522	292.377	0.000	155.000	166.000	0.000	0.000	0.000	0.000	292.669	0.000	0.000	0.000	0.000	0.161	-1.266	1.149	1.530	-376.800	93.030	0.000	0.100	0.100	760.867	376.800	0.000	0.000	865.142	0.000	0.000	0.000	1.000	-16.300	-25.200	160.100	127.000	9.600
3730819408.715	292.692	292.894	292.592	0.000	292.562	0.000	292.523	292.392	0.000	155.000	166.000	0.000	0.000	0.000	0.000	292.666	0.000	0.000	0.000	0.000	-0.142	-1.266	-1.422	1.530	-376.800	93.216	0.000	0.100	0.100	761.649	376.800	0.000	0.000	876.969	0.000	0.000	0.000	1.000	-16.300	-25.200	160.100	118.000	8.300
3730819410.714	292.682	292.882	292.572	0.000	292.557	0.000	292.511	292.372	0.000	155.000	166.000	0.000	0.000	0.000	0.000	292.657	0.000	0.000	0.000	0.000	0.161	3.876	3.719	1.470	-376.800	92.706	0.000	0.100	0.100	760.085	376.800	0.000	0.000	836.861	0.000	0.000	0.000	1.000	-16.300	-25.200	160.400	121.900	9.600
3730819412.714	292.682	292.891	292.583	0.000	292.557	0.000	292.515	292.371	0.000	155.000	166.000	0.000	0.000	0.000	0.000	292.663	0.000	0.000	0.000	0.000	0.161	1.305	3.719	1.500	-376.800	92.938	0.000	0.100	0.100	756.958	376.800	0.000	0.000	855.886	0.000	0.000	0.000	1.000	-15.800	-25.200	160.100	119.300	8.300
3730819414.714	292.686	292.899	292.583	0.000	292.551	0.000	292.512	292.374	0.000	155.000	166.000	0.000	0.000	0.000	0.000	292.644	0.000	0.000	0.000	0.000	-0.142	-1.266	6.290	1.500	-376.800	92.845	0.000	0.100	0.100	761.649	376.800	0.000	0.000	873.883	0.000	0.000	0.000	1.000	-16.300	-25.200	160.400	118.000	7.000
3730819416.714	292.683	292.893	292.587	0.000	292.557	0.000	292.523	292.374	0.000	155.000	166.000	0.000	0.000	0.000	0.000	292.659	0.000	0.000	0.000	0.000	-0.142	-1.266	3.719	1.500	-376.800	92.892	0.000	0.100	0.100	754.611	376.800	0.000	0.000	867.713	0.000	0.000	0.000	1.000	-15.800	-25.200	160.100	125.700	9.600
3730819418.713	292.681	292.903	292.593	0.000	292.560	0.000	292.525	292.379	0.000	155.000	166.000	0.000	0.000	0.000	0.000	292.662	0.000	0.000	0.000	0.000	-0.142	-1.266	1.149	1.470	-376.800	92.753	0.000	0.100	0.100	763.213	376.800	0.000	0.000	871.312	0.000	0.000	0.000	1.000	-15.800	-25.200	160.100	118.700	9.600
3730819420.713	292.693	292.898	292.587	0.000	292.565	0.000	292.516	292.380	0.000	155.000	166.000	0.000	0.000	0.000	0.000	292.660	0.000	0.000	0.000	0.000	-0.142	1.305	1.149	1.500	-376.800	93.402	0.000	0.100	0.100	767.122	376.800	0.000	0.000	834.804	0.000	0.000	0.000	1.000	-15.800	-25.200	160.100	119.300	8.300
3730819422.714	292.687	292.889	292.584	0.000	292.554	0.000	292.520	292.382	0.000	155.000	166.000	0.000	0.000	0.000	0.000	292.667	0.000	0.000	0.000	0.000	0.161	3.876	3.719	1.500	-376.800	93.031	0.000	0.100	0.100	761.648	376.800	0.000	0.000	859.486	0.000	0.000	0.000	1.000	-16.300	-25.200	160.100	119.300	8.900
3730819424.715	292.685	292.897	292.593	0.000	292.563	0.000	292.523	292.388	0.000	155.000	166.000	0.000	0.000	0.000	0.000	292.667	0.000	0.000	0.000	0.000	0.161	-1.266	3.719	1.470	-376.800	93.170	0.000	0.100	0.100	761.649	376.800	0.000	0.000	877.483	0.000	0.000	0.000	1.000	-15.800	-25.200	160.100	122.500	8.300
3730819426.713	292.682	292.903	292.582	0.000	292.563	0.000	292.519	292.391	0.000	155.000	166.000	0.000	0.000	0.000	0.000	292.668	0.000	0.000	0.000	0.000	-0.142	-1.266	1.149	1.470	-376.800	92.892	0.000	0.100	0.100	755.394	376.800	0.000	0.000	871.312	0.000	0.000	0.000	1.000	-15.800	-25.200	160.400	123.100	8.300
3730819428.715	292.685	292.897	292.588	0.000	292.561	0.000	292.521	292.385	0.000	155.000	166.000	0.000	0.000	0.000	0.000	292.672	0.000	0.000	0.000	0.000	-0.142	1.305	1.149	1.530	-376.800	92.892	0.000	0.100	0.100	763.994	376.800	0.000	0.000	825.548	0.000	0.000	0.000	1.000	-16.300	-25.200	160.400	123.100	8.300
3730819430.715	292.681	292.897	292.592	0.000	292.563	0.000	292.521	292.388	0.000	155.000	166.000	0.000	0.000	0.000	0.000	292.663	0.000	0.000	0.000	0.000	-0.142	1.305	3.719	1.530	-376.800	93.124	0.000	0.100	0.100	755.394	376.800	0.000	0.000	828.119	0.000	0.000	0.000	1.000	-16.300	-25.200	160.400	118.000	8.300
3730819432.714	292.676	292.894	292.583	0.000	292.561	0.000	292.516	292.387	0.000	155.000	166.000	0.000	0.000	0.000	0.000	292.664	0.000	0.000	0.000	0.000	0.161	-1.266	3.719	1.470	-376.800	92.382	0.000	0.100	0.100	751.484	376.800	0.000	0.000	838.403	0.000	0.000	0.000	1.000	-16.300	-25.200	160.400	118.000	8.900
3730819434.714	292.691	292.899	292.593	0.000	292.570	0.000	292.520	292.382	0.000	155.000	166.000	0.000	0.000	0.000	0.000	292.662	0.000	0.000	0.000	0.000	-0.142	-1.266	3.719	1.530	-376.800	92.707	0.000	0.100	0.100	749.139	376.800	0.000	0.000	880.054	0.000	0.000	0.000	1.000	-16.300	-25.200	160.400	118.700	8.900
3730819436.715	292.686	292.898	292.592	0.000	292.560	0.000	292.522	292.377	0.000	155.000	166.000	0.000	0.000	0.000	0.000	292.656	0.000	0.000	0.000	0.000	-0.747	3.876	3.719	1.470	-376.800	93.217	0.000	0.100	0.100	760.867	376.800	0.000	0.000	844.059	0.000	0.000	0.000	1.000	-16.300	-25.200	160.400	118.700	9.600
3730819438.715	292.687	292.902	292.585	0.000	292.570	0.000	292.525	292.379	0.000	155.000	166.000	0.000	0.000	0.000	0.000	292.662	0.000	0.000	0.000	0.000	0.161	-1.266	3.719	1.470	-376.800	92.521	0.000	0.100	0.100	764.777	376.800	0.000	0.000	828.633	0.000	0.000	0.000	1.000	-15.800	-25.200	160.400	123.100	8.300
3730819440.714	292.686	292.896	292.587	0.000	292.568	0.000	292.525	292.376	0.000	155.000	166.000	0.000	0.000	0.000	0.000	292.662	0.000	0.000	0.000	0.000	0.161	3.876	1.149	1.500	-376.800	92.568	0.000	0.100	0.100	760.867	376.800	0.000	0.000	847.659	0.000	0.000	0.000	1.000	-15.800	-25.200	160.400	123.800	8.300
3730819442.714	292.688	292.902	292.585	0.000	292.573	0.000	292.516	292.376	0.000	155.000	166.000	0.000	0.000	0.000	0.000	292.666	0.000	0.000	0.000	0.000	0.161	1.305	1.149	1.470	-376.800	92.846	0.000	0.100	0.100	757.740	376.800	0.000	0.000	841.488	0.000	0.000	0.000	1.000	-16.300	-25.200	160.400	122.500	8.300
3730819444.715	292.698	292.912	292.598	0.000	292.570	0.000	292.528	292.402	0.000	155.000	166.000	0.000	0.000	0.000	0.000	292.663	0.000	0.000	0.000	0.000	0.161	-1.266	-1.422	1.500	-376.800	92.614	0.000	0.100	0.100	760.867	376.800	0.000	0.000	872.855	0.000	0.000	0.000	1.000	-16.300	-25.200	160.400	124.400	9.600
3730819446.715	292.697	292.909	292.595	0.000	292.570	0.000	292.535	292.396	0.000	155.000	166.000	0.000	0.000	0.000	0.000	292.661	0.000	0.000	0.000	0.000	-0.142	-1.266	1.149	1.500	-376.800	92.939	0.000	0.100	0.100	761.649	376.800	0.000	0.000	878.511	0.000	0.000	0.000	1.000	-16.300	-25.200	160.400	124.400	7.700
3730819448.714	292.683	292.901	292.584	0.000	292.561	0.000	292.522	292.376	0.000	155.000	166.000	0.000	0.000	0.000	0.000	292.653	0.000	0.000	0.000	0.000	0.161	-1.266	-1.422	1.500	-376.800	92.985	0.000	0.100	0.100	759.303	376.800	0.000	0.000	832.747	0.000	0.000	0.000	1.000	-15.800	-25.200	160.400	125.000	8.300
3730819450.715	292.687	292.897	292.593	0.000	292.568	0.000	292.530	292.381	0.000	155.000	166.000	0.000	0.000	0.000	0.000	292.661	0.000	0.000	0.000	0.000	0.464	1.305	3.719	1.470	-376.800	92.800	0.000	0.100	0.100	760.086	376.800	0.000	0.000	851.258	0.000	0.000	0.000	1.000	-15.800	-25.200	160.400	119.300	8.300
3730819452.714	292.691	292.904	292.589	0.000	292.570	0.000	292.525	292.380	0.000	155.000	166.000	0.000	0.000	0.000	0.000	292.659	0.000	0.000	0.000	0.000	-0.142	1.305	1.149	1.530	-376.800	92.568	0.000	0.100	0.100	756.957	376.800	0.000	0.000	870.284	0.000	0.000	0.000	1.000	-15.800	-25.200	160.400	118.000	8.300
3730819454.715	292.685	292.900	292.592	0.000	292.572	0.000	292.531	292.387	0.000	155.000	166.000	0.000	0.000	0.000	0.000	292.661	0.000	0.000	0.000	0.000	-0.142	1.305	6.290	1.530	-376.800	92.847	0.000	0.100	0.100	761.649	376.800	0.000	0.000	866.170	0.000	0.000	0.000	1.000	-16.300	-25.200	160.400	121.200	7.000
3730819456.715	292.704	292.912	292.600	0.000	292.572	0.000	292.533	292.389	0.000	155.000	166.000	0.000	0.000	0.000	0.000	292.669	0.000	0.000	0.000	0.000	-0.142	1.305	1.149	1.470	-376.800	93.310	0.000	0.100	0.100	759.303	376.800	0.000	0.000	878.511	0.000	0.000	0.000	1.000	-16.300	-25.200	160.400	118.700	8.900
3730819458.713	292.694	292.912	292.599	0.000	292.571	0.000	292.529	292.392	0.000	155.000	166.000	0.000	0.000	0.000	0.000	292.672	0.000	0.000	0.000	0.000	-0.142	-1.266	1.149	1.470	-376.800	92.476	0.000	0.100	0.100	761.649	376.800	0.000	0.000	835.318	0.000	0.000	0.000	1.000	-15.800	-25.200	160.400	121.900	9.600
3730819460.715	292.687	292.912	292.588	0.000	292.573	0.000	292.532	292.383	0.000	155.000	166.000	0.000	0.000	0.000	0.000	292.668	0.000	0.000	0.000	0.000	-0.142	1.305	3.719	1.500	-376.800	92.986	0.000	0.100	0.100	754.612	376.800	0.000	0.000	828.633	0.000	0.000	0.000	1.000	-15.800	-25.200	160.400	124.400	8.300
3730819462.714	292.691	292.908	292.591	0.000	292.578	0.000	292.529	292.384	0.000	155.000	166.000	0.000	0.000	0.000	0.000	292.668	0.000	0.000	0.000	0.000	0.161	-1.266	3.719	1.500	-376.800	92.986	0.000	0.100	0.100	753.830	376.800	0.000	0.000	873.369	0.000	0.000	0.000	1.000	-15.800	-25.200	160.400	121.200	8.300
3730819464.714	292.696	292.910	292.597	0.000	292.582	0.000	292.530	292.387	0.000	155.000	166.000	0.000	0.000	0.000	0.000	292.676	0.000	0.000	0.000	0.000	-0.445	6.446	3.719	1.530	-376.800	93.728	0.000	0.100	0.100	762.431	376.800	0.000	0.000	859.486	0.000	0.000	0.000	1.000	-15.800	-25.200	160.400	125.000	8.300
3730819466.714	292.691	292.901	292.597	0.000	292.579	0.000	292.531	292.379	0.000	155.000	166.000	0.000	0.000	0.000	0.000	292.666	0.000	0.000	0.000	0.000	0.464	-1.266	3.719	1.500	-376.800	92.847	0.000	0.100	0.100	760.867	376.800	0.000	0.000	825.034	0.000	0.000	0.000	1.000	-15.800	-25.200	160.400	121.200	8.900
3730819468.714	292.684	292.896	292.588	0.000	292.568	0.000	292.526	292.375	0.000	155.000	166.000	0.000	0.000	0.000	0.000	292.658	0.000	0.000	0.000	0.000	0.161	-1.266	1.149	1.500	-376.800	92.708	0.000	0.100	0.100	766.340	376.800	0.000	0.000	840.974	0.000	0.000	0.000	1.000	-15.800	-25.200	160.400	119.300	8.900
3730819470.715	292.689	292.911	292.593	0.000	292.568	0.000	292.524	292.377	0.000	155.000	166.000	0.000	0.000	0.000	0.000	292.660	0.000	0.000	0.000	0.000	-0.142	1.305	6.290	1.500	-376.800	93.542	0.000	0.100	0.100	764.776	376.800	0.000	0.000	833.261	0.000	0.000	0.000	1.000	-15.800	-25.200	160.400	122.500	8.300
3730819472.714	292.691	292.893	292.594	0.000	292.568	0.000	292.517	292.373	0.000	155.000	166.000	0.000	0.000	0.000	0.000	292.659	0.000	0.000	0.000	0.000	0.464	3.876	3.719	1.470	-376.800	92.939	0.000	0.100	0.100	760.867	376.800	0.000	0.000	877.483	0.000	0.000	0.000	1.000	-15.800	-25.200	160.400	125.700	6.400
3730819474.715	292.697	292.904	292.601	0.000	292.580	0.000	292.521	292.378	0.000	155.000	166.000	0.000	0.000	0.000	0.000	292.656	0.000	0.000	0.000	0.000	0.161	1.305	1.149	1.470	-376.800	92.476	0.000	0.100	0.100	760.085	376.800	0.000	0.000	870.798	0.000	0.000	0.000	1.000	-15.800	-25.200	160.400	121.200	8.900
3730819476.713	292.684	292.901	292.590	0.000	292.564	0.000	292.531	292.380	0.000	155.000	166.000	0.000	0.000	0.000	0.000	292.658	0.000	0.000	0.000	0.000	0.161	3.876	1.149	1.500	-376.800	93.588	0.000	0.100	0.100	763.212	376.800	0.000	0.000	825.034	0.000	0.000	0.000	1.000	-15.800	-25.200	160.400	124.400	9.600
3730819478.714	292.691	292.905	292.591	0.000	292.569	0.000	292.527	292.383	0.000	155.000	166.000	0.000	0.000	0.000	0.000	292.649	0.000	0.000	0.000	0.000	-0.142	-1.266	3.719	1.500	-376.800	93.078	0.000	0.100	0.100	755.393	376.800	0.000	0.000	830.176	0.000	0.000	0.000	1.000	-15.800	-25.200	160.600	118.700	8.300
3730819480.714	292.698	292.909	292.599	0.000	292.578	0.000	292.533	292.385	0.000	155.000	166.000	0.000	0.000	0.000	0.000	292.658	0.000	0.000	0.000	0.000	-0.142	3.876	1.149	1.470	-376.800	92.846	0.000	0.100	0.100	761.649	376.800	0.000	0.000	837.375	0.000	0.000	0.000	1.000	-15.800	-25.200	160.600	121.900	7.700
3730819482.714	292.701	292.914	292.601	0.000	292.579	0.000	292.538	292.388	0.000	155.000	166.000	0.000	0.000	0.000	0.000	292.657	0.000	0.000	0.000	0.000	-0.142	-1.266	3.719	1.500	-376.800	92.383	0.000	0.100	0.100	760.867	376.800	0.000	0.000	881.596	0.000	0.000	0.000	1.000	-15.800	-25.200	160.600	119.300	7.700
3730819484.715	292.691	292.917	292.594	0.000	292.577	0.000	292.524	292.388	0.000	155.000	166.000	0.000	0.000	0.000	0.000	292.658	0.000	0.000	0.000	0.000	-0.142	3.876	1.149	1.470	-376.800	93.031	0.000	0.100	0.100	767.904	376.800	0.000	0.000	845.088	0.000	0.000	0.000	1.000	-15.800	-25.200	160.600	117.400	8.300
3730819486.715	292.691	292.913	292.599	0.000	292.577	0.000	292.525	292.381	0.000	155.000	166.000	0.000	0.000	0.000	0.000	292.658	0.000	0.000	0.000	0.000	-0.445	-1.266	6.290	1.500	-376.800	93.170	0.000	0.100	0.100	766.340	376.800	0.000	0.000	828.119	0.000	0.000	0.000	1.000	-15.800	-25.200	160.800	121.200	8.300
3730819488.714	292.701	292.912	292.598	0.000	292.570	0.000	292.530	292.386	0.000	155.000	166.000	0.000	0.000	0.000	0.000	292.654	0.000	0.000	0.000	0.000	0.161	-3.836	8.861	1.470	-376.800	93.031	0.000	0.100	0.100	759.303	376.800	0.000	0.000	848.173	0.000	0.000	0.000	1.000	-15.800	-25.200	160.800	117.400	8.300
3730819490.714	292.694	292.907	292.592	0.000	292.576	0.000	292.527	292.387	0.000	155.000	166.000	0.000	0.000	0.000	0.000	292.647	0.000	0.000	0.000	0.000	-0.142	1.305	6.290	1.500	-376.800	93.124	0.000	0.100	0.100	761.649	376.800	0.000	0.000	866.170	0.000	0.000	0.000	1.000	-15.800	-25.200	160.800	123.800	6.400
3730819492.713	292.693	292.919	292.588	0.000	292.571	0.000	292.530	292.382	0.000	155.000	166.000	0.000	0.000	0.000	0.000	292.645	0.000	0.000	0.000	0.000	-0.142	-1.266	1.149	1.470	-376.800	92.800	0.000	0.100	0.100	760.085	376.800	0.000	0.000	859.486	0.000	0.000	0.000	1.000	-15.800	-25.200	160.600	123.800	8.300
3730819494.714	292.684	292.905	292.584	0.000	292.570	0.000	292.520	292.382	0.000	155.000	166.000	0.000	0.000	0.000	0.000	292.644	0.000	0.000	0.000	0.000	-0.142	-1.266	3.719	1.470	-376.800	93.309	0.000	0.100	0.100	759.303	376.800	0.000	0.000	877.997	0.000	0.000	0.000	1.000	-15.800	-25.200	160.600	124.400	8.300
3730819496.714	292.691	292.917	292.595	0.000	292.583	0.000	292.537	292.392	0.000	155.000	166.000	0.000	0.000	0.000	0.000	292.661	0.000	0.000	0.000	0.000	-0.142	1.305	1.149	1.500	-376.800	93.356	0.000	0.100	0.100	765.559	376.800	0.000	0.000	832.233	0.000	0.000	0.000	1.000	-15.800	-25.200	160.600	123.100	8.900
3730819498.715	292.699	292.910	292.591	0.000	292.577	0.000	292.528	292.385	0.000	155.000	166.000	0.000	0.000	0.000	0.000	292.654	0.000	0.000	0.000	0.000	0.161	-1.266	1.149	1.500	-376.800	93.078	0.000	0.100	0.100	753.830	376.800	0.000	0.000	825.548	0.000	0.000	0.000	1.000	-15.800	-25.200	160.600	123.100	8.900
3730819500.714	292.699	292.917	292.596	0.000	292.573	0.000	292.531	292.393	0.000	155.000	166.000	0.000	0.000	0.000	0.000	292.650	0.000	0.000	0.000	0.000	-0.142	1.305	6.290	1.500	-376.800	93.356	0.000	0.100	0.100	762.431	376.800	0.000	0.000	844.574	0.000	0.000	0.000	1.000	-15.800	-25.200	160.800	121.200	8.300
3730819502.715	292.690	292.923	292.608	0.000	292.584	0.000	292.533	292.394	0.000	155.000	166.000	0.000	0.000	0.000	0.000	292.653	0.000	0.000	0.000	0.000	-0.142	1.305	6.290	1.500	-376.800	93.309	0.000	0.100	0.100	756.175	376.800	0.000	0.000	867.199	0.000	0.000	0.000	1.000	-15.800	-25.200	160.800	121.900	8.900
3730819504.715	292.689	292.911	292.594	0.000	292.566	0.000	292.532	292.386	0.000	155.000	166.000	0.000	0.000	0.000	0.000	292.649	0.000	0.000	0.000	0.000	-0.142	1.305	1.149	1.470	-376.800	92.614	0.000	0.100	0.100	751.484	376.800	0.000	0.000	880.568	0.000	0.000	0.000	1.000	-15.800	-25.200	160.800	122.500	8.900
3730819506.715	292.692	292.923	292.598	0.000	292.573	0.000	292.530	292.395	0.000	155.000	166.000	0.000	0.000	0.000	0.000	292.652	0.000	0.000	0.000	0.000	0.161	-1.266	3.719	1.470	-376.800	92.661	0.000	0.100	0.100	758.521	376.800	0.000	0.000	844.574	0.000	0.000	0.000	1.000	-15.800	-25.200	160.800	119.300	8.300
3730819508.713	292.682	292.911	292.589	0.000	292.578	0.000	292.537	292.388	0.000	155.000	166.000	0.000	0.000	0.000	0.000	292.651	0.000	0.000	0.000	0.000	-0.142	-1.266	3.719	1.500	-376.800	93.171	0.000	0.100	0.100	753.830	376.800	0.000	0.000	854.858	0.000	0.000	0.000	1.000	-15.800	-25.200	160.800	122.500	8.300
3730819510.715	292.693	292.919	292.601	0.000	292.585	0.000	292.539	292.387	0.000	155.000	166.000	0.000	0.000	0.000	0.000	292.656	0.000	0.000	0.000	0.000	-0.142	-1.266	1.149	1.530	-376.800	92.707	0.000	0.100	0.100	762.431	376.800	0.000	0.000	848.687	0.000	0.000	0.000	1.000	-15.800	-25.200	160.800	114.800	8.900
3730819512.715	292.703	292.926	292.599	0.000	292.589	0.000	292.529	292.399	0.000	155.000	166.000	0.000	0.000	0.000	0.000	292.657	0.000	0.000	0.000	0.000	-0.142	1.305	6.290	1.500	-376.800	92.568	0.000	0.100	0.100	758.521	376.800	0.000	0.000	866.684	0.000	0.000	0.000	1.000	-15.800	-25.200	160.800	121.900	9.600
3730819514.714	292.699	292.917	292.606	0.000	292.585	0.000	292.539	292.393	0.000	155.000	166.000	0.000	0.000	0.000	0.000	292.662	0.000	0.000	0.000	0.000	-0.142	3.876	1.149	1.500	-376.800	92.661	0.000	0.100	0.100	764.777	376.800	0.000	0.000	825.548	0.000	0.000	0.000	1.000	-15.800	-25.200	160.800	116.800	7.700
3730819516.713	292.701	292.921	292.601	0.000	292.584	0.000	292.541	292.382	0.000	155.000	166.000	0.000	0.000	0.000	0.000	292.670	0.000	0.000	0.000	0.000	-0.445	1.305	1.149	1.470	-376.800	92.568	0.000	0.100	0.100	758.521	376.800	0.000	0.000	837.889	0.000	0.000	0.000	1.000	-15.800	-25.200	160.800	121.900	6.400
3730819518.714	292.694	292.909	292.598	0.000	292.577	0.000	292.538	292.391	0.000	155.000	166.000	0.000	0.000	0.000	0.000	292.650	0.000	0.000	0.000	0.000	-0.142	-1.266	1.149	1.500	-376.800	93.124	0.000	0.100	0.100	753.048	376.800	0.000	0.000	833.261	0.000	0.000	0.000	1.000	-15.800	-25.200	161.000	121.200	9.600
3730819520.715	292.703	292.926	292.603	0.000	292.575	0.000	292.548	292.397	0.000	155.000	166.000	0.000	0.000	0.000	0.000	292.664	0.000	0.000	0.000	0.000	0.464	-1.266	-1.422	1.500	-376.800	92.985	0.000	0.100	0.100	760.867	376.800	0.000	0.000	875.940	0.000	0.000	0.000	1.000	-15.800	-25.200	160.800	120.600	8.300
3730819522.714	292.702	292.907	292.588	0.000	292.580	0.000	292.547	292.393	0.000	155.000	166.000	0.000	0.000	0.000	0.000	292.653	0.000	0.000	0.000	0.000	-0.142	-1.266	1.149	1.470	-376.800	92.706	0.000	0.100	0.100	754.612	376.800	0.000	0.000	869.770	0.000	0.000	0.000	1.000	-15.800	-25.200	160.800	123.800	6.400
3730819524.715	292.693	292.908	292.605	0.000	292.574	0.000	292.540	292.397	0.000	155.000	166.000	0.000	0.000	0.000	0.000	292.650	0.000	0.000	0.000	0.000	0.464	-1.266	1.149	1.470	-376.800	93.031	0.000	0.100	0.100	760.866	376.800	0.000	0.000	866.170	0.000	0.000	0.000	1.000	-15.800	-25.200	160.800	123.100	8.900
3730819526.715	292.699	292.917	292.602	0.000	292.586	0.000	292.541	292.395	0.000	155.000	166.000	0.000	0.000	0.000	0.000	292.658	0.000	0.000	0.000	0.000	0.464	1.305	3.719	1.500	-376.800	92.752	0.000	0.100	0.100	752.266	376.800	0.000	0.000	843.031	0.000	0.000	0.000	1.000	-15.800	-25.200	160.800	125.000	8.900
3730819528.713	292.706	292.925	292.607	0.000	292.589	0.000	292.553	292.402	0.000	155.000	166.000	0.000	0.000	0.000	0.000	292.674	0.000	0.000	0.000	0.000	-0.142	3.876	3.719	1.530	-376.800	92.752	0.000	0.100	0.100	751.484	376.800	0.000	0.000	836.861	0.000	0.000	0.000	1.000	-15.800	-25.200	160.800	116.800	8.300
3730819530.714	292.696	292.917	292.607	0.000	292.581	0.000	292.549	292.393	0.000	155.000	166.000	0.000	0.000	0.000	0.000	292.659	0.000	0.000	0.000	0.000	-0.142	1.305	3.719	1.500	-376.800	92.567	0.000	0.100	0.100	753.048	376.800	0.000	0.000	855.372	0.000	0.000	0.000	1.000	-15.800	-25.200	161.000	116.800	8.300
3730819532.714	292.696	292.919	292.603	0.000	292.580	0.000	292.540	292.391	0.000	155.000	166.000	0.000	0.000	0.000	0.000	292.655	0.000	0.000	0.000	0.000	-0.142	3.876	1.149	1.470	-376.800	92.706	0.000	0.100	0.100	763.213	376.800	0.000	0.000	847.145	0.000	0.000	0.000	1.000	-15.800	-25.200	161.000	121.900	6.400
3730819534.714	292.681	292.902	292.595	0.000	292.569	0.000	292.522	292.390	0.000	155.000	166.000	0.000	0.000	0.000	0.000	292.645	0.000	0.000	0.000	0.000	-0.142	1.305	1.149	1.500	-376.800	92.845	0.000	0.100	0.100	753.830	376.800	0.000	0.000	858.457	0.000	0.000	0.000	1.000	-15.800	-25.000	0.000	121.200	8.300
3730819536.714	292.694	292.906	292.596	0.000	292.577	0.000	292.531	292.397	0.000	155.000	166.000	0.000	0.000	0.000	0.000	292.663	0.000	0.000	0.000	0.000	-0.142	1.305	1.149	1.500	-376.800	92.799	0.000	0.100	0.100	759.303	376.800	0.000	0.000	825.034	0.000	0.000	0.000	1.000	-15.800	-25.200	161.000	124.400	8.900
3730819552.558	292.684	292.901	292.586	0.000	292.585	0.000	292.523	292.386	0.000	155.000	166.000	0.000	0.000	0.000	0.000	292.663	0.000	0.000	0.000	0.000	-0.142	3.876	-1.422	1.530	-376.800	93.125	0.000	0.100	0.100	760.867	376.800	0.000	0.000	833.261	0.000	0.000	0.000	1.000	-15.800	-25.200	161.000	119.900	8.300
3730819553.176	292.684	292.901	292.586	0.000	292.585	0.000	292.523	292.386	0.000	155.000	166.000	0.000	0.000	0.000	0.000	292.663	0.000	0.000	0.000	0.000	-0.142	1.305	1.149	1.500	-376.800	92.661	0.000	0.100	0.100	760.085	376.800	0.000	0.000	871.827	0.000	0.000	0.000	1.000	-15.800	-25.200	161.000	120.600	8.300
3730819554.714	292.704	292.912	292.603	0.000	292.583	0.000	292.536	292.402	0.000	155.000	166.000	0.000	0.000	0.000	0.000	292.671	0.000	0.000	0.000	0.000	-0.445	3.876	-1.422	1.500	-376.800	92.939	0.000	0.100	0.100	755.394	376.800	0.000	0.000	845.602	0.000	0.000	0.000	1.000	-15.800	-25.200	161.000	117.400	8.300
3730819556.714	292.696	292.910	292.600	0.000	292.585	0.000	292.537	292.396	0.000	155.000	166.000	0.000	0.000	0.000	0.000	292.669	0.000	0.000	0.000	0.000	0.161	1.305	3.719	1.470	-376.800	92.940	0.000	0.100	0.100	763.213	376.800	0.000	0.000	853.829	0.000	0.000	0.000	1.000	-15.800	-25.200	161.000	116.800	6.400
3730819558.715	292.711	292.922	292.597	0.000	292.578	0.000	292.540	292.395	0.000	155.000	166.000	0.000	0.000	0.000	0.000	292.652	0.000	0.000	0.000	0.000	-0.142	-1.266	1.149	1.470	-376.800	92.754	0.000	0.100	0.100	758.521	376.800	0.000	0.000	847.145	0.000	0.000	0.000	1.000	-15.800	-25.200	161.000	123.100	8.300
3730819560.713	292.705	292.913	292.608	0.000	292.584	0.000	292.537	292.403	0.000	155.000	166.000	0.000	0.000	0.000	0.000	292.676	0.000	0.000	0.000	0.000	0.161	3.876	1.149	1.470	-376.800	92.661	0.000	0.100	0.100	757.739	376.800	0.000	0.000	865.656	0.000	0.000	0.000	1.000	-15.300	-25.200	161.000	121.200	8.300
3730819562.714	292.701	292.916	292.605	0.000	292.585	0.000	292.547	292.392	0.000	155.000	166.000	0.000	0.000	0.000	0.000	292.673	0.000	0.000	0.000	0.000	0.161	3.876	1.149	1.470	-376.800	92.615	0.000	0.100	0.100	760.867	376.800	0.000	0.000	827.605	0.000	0.000	0.000	1.000	-15.800	-25.200	161.000	121.900	7.000
3730819564.714	292.696	292.915	292.598	0.000	292.579	0.000	292.544	292.398	0.000	155.000	166.000	0.000	0.000	0.000	0.000	292.670	0.000	0.000	0.000	0.000	-0.142	-1.266	6.290	1.470	-376.800	92.847	0.000	0.100	0.100	760.867	376.800	0.000	0.000	839.432	0.000	0.000	0.000	1.000	-15.300	-25.200	161.000	121.900	8.300
3730819566.715	292.699	292.913	292.601	0.000	292.582	0.000	292.544	292.402	0.000	155.000	166.000	0.000	0.000	0.000	0.000	292.676	0.000	0.000	0.000	0.000	0.161	1.305	1.149	1.500	-376.800	92.939	0.000	0.100	0.100	764.777	376.800	0.000	0.000	832.233	0.000	0.000	0.000	1.000	-15.800	-25.200	161.000	122.500	8.300
3730819568.714	292.698	292.914	292.608	0.000	292.590	0.000	292.544	292.398	0.000	155.000	166.000	0.000	0.000	0.000	0.000	292.675	0.000	0.000	0.000	0.000	0.161	1.305	3.719	1.470	-376.800	92.661	0.000	0.100	0.100	756.958	376.800	0.000	0.000	875.940	0.000	0.000	0.000	1.000	-15.800	-25.200	161.000	119.300	8.900
3730819570.714	292.704	292.912	292.621	0.000	292.583	0.000	292.538	292.397	0.000	155.000	166.000	0.000	0.000	0.000	0.000	292.667	0.000	0.000	0.000	0.000	0.161	1.305	1.149	1.470	-376.800	92.939	0.000	0.100	0.100	757.740	376.800	0.000	0.000	869.770	0.000	0.000	0.000	1.000	-15.800	-25.200	161.000	114.800	8.300
3730819572.714	292.705	292.910	292.605	0.000	292.582	0.000	292.540	292.399	0.000	155.000	166.000	0.000	0.000	0.000	0.000	292.656	0.000	0.000	0.000	0.000	-0.142	-3.836	3.719	1.500	-376.800	92.569	0.000	0.100	0.100	756.176	376.800	0.000	0.000	867.713	0.000	0.000	0.000	1.000	-15.300	-25.200	161.000	116.100	8.300
3730819574.713	292.695	292.903	292.603	0.000	292.582	0.000	292.547	292.404	0.000	155.000	166.000	0.000	0.000	0.000	0.000	292.666	0.000	0.000	0.000	0.000	-0.142	1.305	-3.993	1.500	-376.800	92.986	0.000	0.100	0.100	767.123	376.800	0.000	0.000	842.517	0.000	0.000	0.000	1.000	-15.800	-25.200	161.000	121.900	7.700
3730819576.714	292.699	292.917	292.603	0.000	292.584	0.000	292.554	292.398	0.000	155.000	166.000	0.000	0.000	0.000	0.000	292.666	0.000	0.000	0.000	0.000	-0.142	-1.266	1.149	1.470	-376.800	93.125	0.000	0.100	0.100	760.867	376.800	0.000	0.000	835.832	0.000	0.000	0.000	1.000	-15.800	-25.200	161.000	117.400	9.600
3730819578.713	292.699	292.906	292.597	0.000	292.582	0.000	292.540	292.406	0.000	155.000	166.000	0.000	0.000	0.000	0.000	292.673	0.000	0.000	0.000	0.000	-0.142	-1.266	3.719	1.470	-376.800	92.661	0.000	0.100	0.100	759.303	376.800	0.000	0.000	854.344	0.000	0.000	0.000	1.000	-15.300	-25.200	161.000	120.600	8.300
3730819580.713	292.714	292.914	292.613	0.000	292.593	0.000	292.551	292.415	0.000	155.000	166.000	0.000	0.000	0.000	0.000	292.675	0.000	0.000	0.000	0.000	-0.142	3.876	1.149	1.470	-376.800	92.383	0.000	0.100	0.100	752.266	376.800	0.000	0.000	848.687	0.000	0.000	0.000	1.000	-15.800	-25.200	161.300	121.900	9.600
3730819582.714	292.694	292.902	292.600	0.000	292.575	0.000	292.536	292.396	0.000	155.000	166.000	0.000	0.000	0.000	0.000	292.664	0.000	0.000	0.000	0.000	-0.142	3.876	1.149	1.530	-376.800	93.496	0.000	0.100	0.100	756.175	376.800	0.000	0.000	860.000	0.000	0.000	0.000	1.000	-15.300	-25.200	161.300	123.100	8.900
3730819584.714	292.704	292.914	292.599	0.000	292.579	0.000	292.543	292.402	0.000	155.000	166.000	0.000	0.000	0.000	0.000	292.666	0.000	0.000	0.000	0.000	-0.142	-1.266	3.719	1.470	-376.800	92.708	0.000	0.100	0.100	756.958	376.800	0.000	0.000	825.548	0.000	0.000	0.000	1.000	-15.300	-25.200	161.000	120.600	8.300
3730819586.713	292.715	292.919	292.610	0.000	292.590	0.000	292.549	292.409	0.000	155.000	166.000	0.000	0.000	0.000	0.000	292.675	0.000	0.000	0.000	0.000	0.161	1.305	6.290	1.500	-376.800	93.218	0.000	0.100	0.100	759.303	376.800	0.000	0.000	864.628	0.000	0.000	0.000	1.000	-15.800	-25.200	161.000	120.600	8.300
3730819588.715	292.706	292.919	292.607	0.000	292.593	0.000	292.543	292.406	0.000	155.000	166.000	0.000	0.000	0.000	0.000	292.662	0.000	0.000	0.000	0.000	-0.142	1.305	1.149	1.500	-376.800	93.774	0.000	0.100	0.100	756.957	376.800	0.000	0.000	857.943	0.000	0.000	0.000	1.000	-15.300	-25.200	161.000	121.900	8.900
3730819590.715	292.702	292.916	292.614	0.000	292.589	0.000	292.551	292.411	0.000	155.000	166.000	0.000	0.000	0.000	0.000	292.667	0.000	0.000	0.000	0.000	-0.142	1.305	-1.422	1.500	-376.800	92.708	0.000	0.100	0.100	761.649	376.800	0.000	0.000	875.940	0.000	0.000	0.000	1.000	-15.800	-25.200	161.300	122.500	8.300
3730819592.714	292.703	292.916	292.605	0.000	292.590	0.000	292.550	292.406	0.000	155.000	166.000	0.000	0.000	0.000	0.000	292.665	0.000	0.000	0.000	0.000	0.161	1.305	1.149	1.470	-376.800	92.847	0.000	0.100	0.100	760.085	376.800	0.000	0.000	830.690	0.000	0.000	0.000	1.000	-15.800	-25.200	161.300	121.200	7.700
3730819594.715	292.705	292.921	292.599	0.000	292.588	0.000	292.552	292.402	0.000	155.000	166.000	0.000	0.000	0.000	0.000	292.675	0.000	0.000	0.000	0.000	0.161	-1.266	3.719	1.530	-376.800	93.264	0.000	0.100	0.100	761.649	376.800	0.000	0.000	823.491	0.000	0.000	0.000	1.000	-15.300	-25.200	161.300	119.900	7.700
3730819596.714	292.709	292.918	292.611	0.000	292.593	0.000	292.557	292.410	0.000	155.000	166.000	0.000	0.000	0.000	0.000	292.673	0.000	0.000	0.000	0.000	0.161	3.876	1.149	1.530	-376.800	93.264	0.000	0.100	0.100	756.958	376.800	0.000	0.000	843.031	0.000	0.000	0.000	1.000	-15.300	-25.200	161.300	119.900	8.300
3730819598.714	292.705	292.924	292.615	0.000	292.592	0.000	292.553	292.406	0.000	155.000	166.000	0.000	0.000	0.000	0.000	292.663	0.000	0.000	0.000	0.000	0.161	-1.266	3.719	1.470	-376.800	92.615	0.000	0.100	0.100	756.958	376.800	0.000	0.000	871.312	0.000	0.000	0.000	1.000	-15.300	-25.200	161.300	121.900	8.300
3730819600.715	292.695	292.919	292.603	0.000	292.568	0.000	292.546	292.400	0.000	155.000	166.000	0.000	0.000	0.000	0.000	292.652	0.000	0.000	0.000	0.000	-0.142	-1.266	1.149	1.470	-376.800	92.569	0.000	0.100	0.100	757.739	376.800	0.000	0.000	879.540	0.000	0.000	0.000	1.000	-15.800	-25.700	161.300	118.700	7.000
3730819602.713	292.699	292.922	292.606	0.000	292.585	0.000	292.550	292.409	0.000	155.000	166.000	0.000	0.000	0.000	0.000	292.665	0.000	0.000	0.000	0.000	0.161	1.305	3.719	1.470	-376.800	92.986	0.000	0.100	0.100	758.522	376.800	0.000	0.000	847.145	0.000	0.000	0.000	1.000	-15.800	-25.700	161.300	120.600	6.400
3730819604.715	292.702	292.918	292.605	0.000	292.587	0.000	292.546	292.395	0.000	155.000	166.000	0.000	0.000	0.000	0.000	292.658	0.000	0.000	0.000	0.000	-0.142	1.305	3.719	1.530	-376.800	92.847	0.000	0.100	0.100	753.830	376.800	0.000	0.000	853.829	0.000	0.000	0.000	1.000	-15.800	-25.200	161.300	119.900	8.300
3730819606.713	292.720	292.921	292.611	0.000	292.598	0.000	292.559	292.406	0.000	155.000	166.000	0.000	0.000	0.000	0.000	292.682	0.000	0.000	0.000	0.000	-0.142	-1.266	3.719	1.500	-376.800	92.569	0.000	0.100	0.100	760.086	376.800	0.000	0.000	846.630	0.000	0.000	0.000	1.000	-15.800	-25.200	161.300	123.100	9.600
3730819608.713	292.713	292.918	292.615	0.000	292.594	0.000	292.554	292.407	0.000	155.000	166.000	0.000	0.000	0.000	0.000	292.679	0.000	0.000	0.000	0.000	-0.142	3.876	-1.422	1.470	-376.800	93.032	0.000	0.100	0.100	754.611	376.800	0.000	0.000	865.656	0.000	0.000	0.000	1.000	-15.300	-25.200	161.300	116.100	8.300
3730819610.714	292.711	292.922	292.610	0.000	292.590	0.000	292.539	292.403	0.000	155.000	166.000	0.000	0.000	0.000	0.000	292.669	0.000	0.000	0.000	0.000	-0.142	3.876	3.719	1.500	-376.800	93.403	0.000	0.100	0.100	765.558	376.800	0.000	0.000	829.148	0.000	0.000	0.000	1.000	-15.300	-25.700	161.300	116.800	8.300
3730819612.715	292.716	292.933	292.619	0.000	292.593	0.000	292.552	292.414	0.000	155.000	166.000	0.000	0.000	0.000	0.000	292.679	0.000	0.000	0.000	0.000	-0.142	1.305	1.149	1.530	-376.800	93.588	0.000	0.100	0.100	760.867	376.800	0.000	0.000	841.488	0.000	0.000	0.000	1.000	-15.300	-25.200	161.300	121.200	8.900
3730819614.714	292.709	292.925	292.612	0.000	292.582	0.000	292.533	292.413	0.000	155.000	166.000	0.000	0.000	0.000	0.000	292.662	0.000	0.000	0.000	0.000	-0.142	3.876	1.149	1.500	-376.800	92.754	0.000	0.100	0.100	764.777	376.800	0.000	0.000	830.690	0.000	0.000	0.000	1.000	-15.300	-25.200	161.300	118.700	8.300
3730819616.713	292.702	292.917	292.590	0.000	292.582	0.000	292.542	292.390	0.000	155.000	166.000	0.000	0.000	0.000	0.000	292.671	0.000	0.000	0.000	0.000	-0.445	1.305	-1.422	1.530	-376.800	92.893	0.000	0.100	0.100	757.739	376.800	0.000	0.000	874.912	0.000	0.000	0.000	1.000	-15.300	-25.700	161.300	120.600	8.300
3730819618.715	292.709	292.920	292.603	0.000	292.584	0.000	292.547	292.411	0.000	155.000	166.000	0.000	0.000	0.000	0.000	292.669	0.000	0.000	0.000	0.000	0.464	3.876	3.719	1.500	-376.800	93.449	0.000	0.100	0.100	758.521	376.800	0.000	0.000	868.227	0.000	0.000	0.000	1.000	-15.800	-25.700	161.300	116.800	8.900
3730819620.715	292.711	292.922	292.614	0.000	292.586	0.000	292.546	292.408	0.000	155.000	166.000	0.000	0.000	0.000	0.000	292.668	0.000	0.000	0.000	0.000	0.161	1.305	-1.422	1.442	-376.800	92.986	0.000	0.100	0.100	763.995	376.800	0.000	0.000	869.255	0.000	0.000	0.000	1.000	-15.300	-25.200	161.300	121.900	8.300
3730819622.714	292.701	292.917	292.605	0.000	292.585	0.000	292.549	292.404	0.000	155.000	166.000	0.000	0.000	0.000	0.000	292.675	0.000	0.000	0.000	0.000	-0.142	-1.266	1.149	1.500	-376.800	92.430	0.000	0.100	0.100	769.468	376.800	0.000	0.000	834.290	0.000	0.000	0.000	1.000	-15.800	-25.700	161.300	114.200	8.300
3730819624.715	292.712	292.914	292.610	0.000	292.580	0.000	292.537	292.400	0.000	155.000	166.000	0.000	0.000	0.000	0.000	292.669	0.000	0.000	0.000	0.000	0.161	3.876	1.149	1.500	-376.800	92.986	0.000	0.100	0.100	750.702	376.800	0.000	0.000	834.290	0.000	0.000	0.000	1.000	-15.300	-25.200	161.300	123.100	8.900
3730819626.713	292.708	292.926	292.619	0.000	292.601	0.000	292.550	292.406	0.000	155.000	166.000	0.000	0.000	0.000	0.000	292.676	0.000	0.000	0.000	0.000	0.464	3.876	1.149	1.470	-376.800	93.264	0.000	0.100	0.100	764.777	376.800	0.000	0.000	854.858	0.000	0.000	0.000	1.000	-15.800	-25.700	161.300	121.900	7.700
3730819628.715	292.713	292.928	292.618	0.000	292.600	0.000	292.549	292.412	0.000	155.000	166.000	0.000	0.000	0.000	0.000	292.676	0.000	0.000	0.000	0.000	0.161	1.305	1.149	1.470	-376.800	93.171	0.000	0.100	0.100	759.303	376.800	0.000	0.000	871.827	0.000	0.000	0.000	1.000	-15.300	-25.700	161.300	121.900	8.900
3730819630.714	292.713	292.932	292.620	0.000	292.594	0.000	292.545	292.422	0.000	155.000	166.000	0.000	0.000	0.000	0.000	292.688	0.000	0.000	0.000	0.000	-0.142	-1.266	1.149	1.500	-376.800	92.800	0.000	0.100	0.100	756.176	376.800	0.000	0.000	863.085	0.000	0.000	0.000	1.000	-15.300	-25.700	161.300	114.800	8.300
3730819632.714	292.716	292.936	292.617	0.000	292.603	0.000	292.561	292.411	0.000	155.000	166.000	0.000	0.000	0.000	0.000	292.674	0.000	0.000	0.000	0.000	-0.142	-1.266	3.719	1.470	-376.800	92.986	0.000	0.100	0.100	752.266	376.800	0.000	0.000	827.605	0.000	0.000	0.000	1.000	-15.300	-25.700	161.300	121.900	8.300
3730819634.714	292.714	292.927	292.620	0.000	292.603	0.000	292.563	292.418	0.000	155.000	166.000	0.000	0.000	0.000	0.000	292.683	0.000	0.000	0.000	0.000	-0.142	1.305	1.149	1.500	-376.800	93.634	0.000	0.100	0.100	760.867	376.800	0.000	0.000	864.113	0.000	0.000	0.000	1.000	-15.300	-25.700	161.300	120.600	8.300
3730819636.714	292.709	292.928	292.620	0.000	292.593	0.000	292.545	292.403	0.000	155.000	166.000	0.000	0.000	0.000	0.000	292.678	0.000	0.000	0.000	0.000	0.161	-1.266	-1.422	1.500	-376.800	92.985	0.000	0.100	0.100	765.559	376.800	0.000	0.000	857.429	0.000	0.000	0.000	1.000	-15.300	-25.700	161.500	120.600	8.300
3730819638.714	292.706	292.922	292.621	0.000	292.592	0.000	292.555	292.407	0.000	155.000	166.000	0.000	0.000	0.000	0.000	292.679	0.000	0.000	0.000	0.000	-0.142	1.305	1.149	1.470	-376.800	92.800	0.000	0.100	0.100	761.649	376.800	0.000	0.000	875.426	0.000	0.000	0.000	1.000	-15.300	-25.700	161.300	119.300	8.300
3730819640.714	292.700	292.917	292.621	0.000	292.582	0.000	292.549	292.400	0.000	155.000	166.000	0.000	0.000	0.000	0.000	292.666	0.000	0.000	0.000	0.000	-0.142	1.305	1.149	1.470	-376.800	92.614	0.000	0.100	0.100	757.740	376.800	0.000	0.000	855.886	0.000	0.000	0.000	1.000	-15.300	-25.700	161.300	117.400	9.600
3730819642.714	292.710	292.927	292.622	0.000	292.598	0.000	292.559	292.417	0.000	155.000	166.000	0.000	0.000	0.000	0.000	292.680	0.000	0.000	0.000	0.000	-0.142	-1.266	3.719	1.500	-376.800	93.170	0.000	0.100	0.100	757.739	376.800	0.000	0.000	848.687	0.000	0.000	0.000	1.000	-15.300	-25.700	161.300	118.000	8.300
3730819644.715	292.708	292.917	292.619	0.000	292.586	0.000	292.555	292.409	0.000	155.000	166.000	0.000	0.000	0.000	0.000	292.678	0.000	0.000	0.000	0.000	-0.142	3.876	-1.422	1.500	-376.800	93.124	0.000	0.100	0.100	766.340	376.800	0.000	0.000	841.488	0.000	0.000	0.000	1.000	-15.300	-25.700	161.300	118.700	6.400
3730819646.714	292.704	292.925	292.613	0.000	292.596	0.000	292.558	292.405	0.000	155.000	166.000	0.000	0.000	0.000	0.000	292.683	0.000	0.000	0.000	0.000	-0.142	3.876	1.149	1.470	-376.800	92.938	0.000	0.100	0.100	763.994	376.800	0.000	0.000	871.827	0.000	0.000	0.000	1.000	-15.300	-25.700	161.300	119.900	6.400
3730819648.714	292.711	292.931	292.626	0.000	292.599	0.000	292.553	292.408	0.000	155.000	166.000	0.000	0.000	0.000	0.000	292.686	0.000	0.000	0.000	0.000	-0.142	-1.266	3.719	1.442	-376.800	93.030	0.000	0.100	0.100	761.649	376.800	0.000	0.000	879.025	0.000	0.000	0.000	1.000	-15.300	-25.700	161.300	121.900	8.300
3730819650.715	292.701	292.926	292.624	0.000	292.596	0.000	292.549	292.407	0.000	155.000	166.000	0.000	0.000	0.000	0.000	292.682	0.000	0.000	0.000	0.000	0.161	3.876	1.149	1.470	-376.800	92.706	0.000	0.100	0.100	753.048	376.800	0.000	0.000	849.202	0.000	0.000	0.000	1.000	-15.300	-25.700	161.500	121.200	8.300
3730819652.714	292.704	292.926	292.613	0.000	292.596	0.000	292.559	292.411	0.000	155.000	166.000	0.000	0.000	0.000	0.000	292.667	0.000	0.000	0.000	0.000	0.161	-1.266	6.290	1.530	-376.800	93.216	0.000	0.100	0.100	758.521	376.800	0.000	0.000	826.062	0.000	0.000	0.000	1.000	-15.300	-25.700	161.500	119.300	8.300
3730819654.713	292.721	292.928	292.627	0.000	292.595	0.000	292.555	292.415	0.000	155.000	166.000	0.000	0.000	0.000	0.000	292.684	0.000	0.000	0.000	0.000	0.161	1.305	1.149	1.500	-376.800	93.123	0.000	0.100	0.100	762.431	376.800	0.000	0.000	870.798	0.000	0.000	0.000	1.000	-15.300	-25.700	161.500	123.100	8.900
3730819656.714	292.720	292.928	292.628	0.000	292.598	0.000	292.563	292.419	0.000	155.000	166.000	0.000	0.000	0.000	0.000	292.685	0.000	0.000	0.000	0.000	0.161	1.305	3.719	1.500	-376.800	92.613	0.000	0.100	0.100	757.739	376.800	0.000	0.000	864.628	0.000	0.000	0.000	1.000	-15.300	-25.700	161.500	117.400	7.700
3730819658.714	292.714	292.916	292.617	0.000	292.584	0.000	292.560	292.411	0.000	155.000	166.000	0.000	0.000	0.000	0.000	292.683	0.000	0.000	0.000	0.000	-0.142	1.305	3.719	1.470	-376.800	93.725	0.000	0.100	0.100	766.340	376.800	0.000	0.000	830.176	0.000	0.000	0.000	1.000	-15.300	-25.700	161.500	116.100	8.300
3730819660.714	292.709	292.923	292.613	0.000	292.592	0.000	292.554	292.413	0.000	155.000	166.000	0.000	0.000	0.000	0.000	292.674	0.000	0.000	0.000	0.000	-0.142	3.876	-1.422	1.530	-376.800	92.706	0.000	0.100	0.100	763.212	376.800	0.000	0.000	842.003	0.000	0.000	0.000	1.000	-15.300	-25.700	161.500	119.900	8.300
3730819662.714	292.719	292.932	292.635	0.000	292.607	0.000	292.568	292.427	0.000	155.000	166.000	0.000	0.000	0.000	0.000	292.694	0.000	0.000	0.000	0.000	-0.142	1.305	3.719	1.500	-376.800	93.123	0.000	0.100	0.100	760.085	376.800	0.000	0.000	830.690	0.000	0.000	0.000	1.000	-15.300	-25.700	161.500	119.900	8.900
3730819664.714	292.710	292.925	292.620	0.000	292.594	0.000	292.557	292.422	0.000	155.000	166.000	0.000	0.000	0.000	0.000	292.685	0.000	0.000	0.000	0.000	-0.142	1.305	3.719	1.500	-376.800	92.846	0.000	0.100	0.100	758.522	376.800	0.000	0.000	849.202	0.000	0.000	0.000	1.000	-15.300	-25.700	161.500	114.800	8.900
3730819666.714	292.723	292.928	292.615	0.000	292.595	0.000	292.555	292.413	0.000	155.000	166.000	0.000	0.000	0.000	0.000	292.678	0.000	0.000	0.000	0.000	-0.445	1.305	1.149	1.530	-376.800	92.939	0.000	0.100	0.100	756.958	376.800	0.000	0.000	867.713	0.000	0.000	0.000	1.000	-15.300	-25.700	161.700	118.700	8.900
3730819668.714	292.706	292.931	292.618	0.000	292.603	0.000	292.552	292.420	0.000	155.000	166.000	0.000	0.000	0.000	0.000	292.683	0.000	0.000	0.000	0.000	0.161	-1.266	1.149	1.500	-376.800	93.217	0.000	0.100	0.100	762.431	376.800	0.000	0.000	870.798	0.000	0.000	0.000	1.000	-15.300	-25.700	161.700	118.000	8.300
3730819670.714	292.714	292.920	292.617	0.000	292.597	0.000	292.558	292.417	0.000	155.000	166.000	0.000	0.000	0.000	0.000	292.687	0.000	0.000	0.000	0.000	0.161	-1.266	3.719	1.470	-376.800	92.800	0.000	0.100	0.100	753.830	376.800	0.000	0.000	835.832	0.000	0.000	0.000	1.000	-15.300	-25.700	161.700	118.000	8.900
3730819672.714	292.708	292.922	292.629	0.000	292.597	0.000	292.563	292.413	0.000	155.000	166.000	0.000	0.000	0.000	0.000	292.687	0.000	0.000	0.000	0.000	-0.142	-1.266	1.149	1.500	-376.800	93.217	0.000	0.100	0.100	753.048	376.800	0.000	0.000	859.486	0.000	0.000	0.000	1.000	-15.300	-26.300	161.700	121.200	8.300
3730819674.713	292.699	292.917	292.619	0.000	292.587	0.000	292.559	292.414	0.000	155.000	166.000	0.000	0.000	0.000	0.000	292.680	0.000	0.000	0.000	0.000	-0.142	-1.266	3.719	1.470	-376.800	92.893	0.000	0.100	0.100	756.958	376.800	0.000	0.000	852.801	0.000	0.000	0.000	1.000	-15.300	-25.700	161.700	120.600	8.300
3730819676.714	292.701	292.920	292.616	0.000	292.589	0.000	292.552	292.402	0.000	155.000	166.000	0.000	0.000	0.000	0.000	292.671	0.000	0.000	0.000	0.000	-0.142	-1.266	6.290	1.500	-376.800	92.847	0.000	0.100	0.100	756.957	376.800	0.000	0.000	852.801	0.000	0.000	0.000	1.000	-15.300	-26.300	161.700	118.000	8.300
3730819678.715	292.712	292.912	292.612	0.000	292.593	0.000	292.553	292.411	0.000	155.000	166.000	0.000	0.000	0.000	0.000	292.678	0.000	0.000	0.000	0.000	0.161	-1.266	1.149	1.470	-376.800	92.893	0.000	0.100	0.100	751.485	376.800	0.000	0.000	864.628	0.000	0.000	0.000	1.000	-15.300	-26.300	161.700	120.600	5.700
3730819680.714	292.699	292.921	292.610	0.000	292.588	0.000	292.556	292.408	0.000	155.000	166.000	0.000	0.000	0.000	0.000	292.677	0.000	0.000	0.000	0.000	0.161	1.305	3.719	1.442	-376.800	92.754	0.000	0.100	0.100	764.776	376.800	0.000	0.000	829.662	0.000	0.000	0.000	1.000	-15.300	-25.700	161.700	119.300	8.900
3730819682.714	292.697	292.926	292.614	0.000	292.593	0.000	292.549	292.408	0.000	155.000	166.000	0.000	0.000	0.000	0.000	292.684	0.000	0.000	0.000	0.000	0.161	1.305	1.149	1.500	-376.800	92.985	0.000	0.100	0.100	762.430	376.800	0.000	0.000	838.403	0.000	0.000	0.000	1.000	-15.300	-25.700	161.700	116.100	8.300
3730819684.714	292.719	292.938	292.626	0.000	292.604	0.000	292.573	292.421	0.000	155.000	166.000	0.000	0.000	0.000	0.000	292.691	0.000	0.000	0.000	0.000	-0.142	1.305	-1.422	1.470	-376.800	92.568	0.000	0.100	0.100	755.394	376.800	0.000	0.000	856.915	0.000	0.000	0.000	1.000	-15.300	-26.300	161.700	115.500	8.300
3730819686.714	292.706	292.930	292.623	0.000	292.593	0.000	292.563	292.414	0.000	155.000	166.000	0.000	0.000	0.000	0.000	292.678	0.000	0.000	0.000	0.000	0.161	-1.266	1.149	1.470	-376.800	92.985	0.000	0.100	0.100	760.085	376.800	0.000	0.000	845.602	0.000	0.000	0.000	1.000	-15.300	-25.700	161.700	120.600	8.300
3730819688.715	292.706	292.928	292.615	0.000	292.589	0.000	292.554	292.422	0.000	155.000	166.000	0.000	0.000	0.000	0.000	292.673	0.000	0.000	0.000	0.000	0.161	1.305	1.149	1.500	-376.800	92.660	0.000	0.100	0.100	757.739	376.800	0.000	0.000	856.400	0.000	0.000	0.000	1.000	-15.300	-25.700	161.700	121.900	8.900
3730819690.714	292.705	292.932	292.612	0.000	292.599	0.000	292.566	292.410	0.000	155.000	166.000	0.000	0.000	0.000	0.000	292.678	0.000	0.000	0.000	0.000	-0.142	1.305	3.719	1.500	-376.800	92.938	0.000	0.100	0.100	760.085	376.800	0.000	0.000	847.145	0.000	0.000	0.000	1.000	-15.300	-25.700	161.700	116.800	7.700
3730819692.714	292.715	292.938	292.619	0.000	292.598	0.000	292.564	292.418	0.000	155.000	166.000	0.000	0.000	0.000	0.000	292.685	0.000	0.000	0.000	0.000	0.161	1.305	1.149	1.530	-376.800	92.799	0.000	0.100	0.100	756.175	376.800	0.000	0.000	841.488	0.000	0.000	0.000	1.000	-15.300	-25.700	161.700	120.600	8.300
3730819694.713	292.696	292.929	292.617	0.000	292.603	0.000	292.563	292.418	0.000	155.000	166.000	0.000	0.000	0.000	0.000	292.678	0.000	0.000	0.000	0.000	-0.142	1.305	3.719	1.470	-376.800	92.659	0.000	0.100	0.100	752.266	376.800	0.000	0.000	860.000	0.000	0.000	0.000	1.000	-15.300	-25.700	161.700	114.800	8.300
3730819696.714	292.699	292.928	292.617	0.000	292.590	0.000	292.552	292.408	0.000	155.000	166.000	0.000	0.000	0.000	0.000	292.673	0.000	0.000	0.000	0.000	-0.142	6.446	-1.422	1.500	-376.800	93.308	0.000	0.100	0.100	756.175	376.800	0.000	0.000	877.997	0.000	0.000	0.000	1.000	-15.300	-26.300	161.700	116.800	8.300
3730819698.714	292.697	292.927	292.625	0.000	292.599	0.000	292.549	292.416	0.000	155.000	166.000	0.000	0.000	0.000	0.000	292.668	0.000	0.000	0.000	0.000	-0.142	-1.266	1.149	1.500	-376.800	93.030	0.000	0.100	0.100	755.394	376.800	0.000	0.000	850.744	0.000	0.000	0.000	1.000	-15.300	-25.700	161.700	116.800	8.900
3730819700.715	292.706	292.932	292.616	0.000	292.597	0.000	292.562	292.412	0.000	155.000	166.000	0.000	0.000	0.000	0.000	292.680	0.000	0.000	0.000	0.000	0.161	-1.266	1.149	1.500	-376.800	93.355	0.000	0.100	0.100	760.867	376.800	0.000	0.000	825.548	0.000	0.000	0.000	1.000	-15.300	-26.300	161.700	115.500	7.700
3730819702.714	292.704	292.930	292.619	0.000	292.607	0.000	292.563	292.409	0.000	155.000	166.000	0.000	0.000	0.000	0.000	292.675	0.000	0.000	0.000	0.000	-0.142	-1.266	1.149	1.470	-376.800	93.308	0.000	0.100	0.100	756.175	376.800	0.000	0.000	844.574	0.000	0.000	0.000	1.000	-15.300	-26.300	161.700	116.100	8.300
3730819704.714	292.707	292.927	292.610	0.000	292.595	0.000	292.557	292.411	0.000	155.000	166.000	0.000	0.000	0.000	0.000	292.673	0.000	0.000	0.000	0.000	0.464	-1.266	1.149	1.470	-376.800	92.381	0.000	0.100	0.100	758.522	376.800	0.000	0.000	866.170	0.000	0.000	0.000	1.000	-15.300	-26.300	161.700	119.900	8.300
3730819706.713	292.705	292.927	292.622	0.000	292.603	0.000	292.570	292.411	0.000	155.000	166.000	0.000	0.000	0.000	0.000	292.678	0.000	0.000	0.000	0.000	0.161	1.305	1.149	1.500	-376.800	93.401	0.000	0.100	0.100	763.213	376.800	0.000	0.000	879.540	0.000	0.000	0.000	1.000	-15.300	-25.700	161.700	118.700	8.300
3730819708.714	292.713	292.930	292.617	0.000	292.606	0.000	292.560	292.419	0.000	155.000	166.000	0.000	0.000	0.000	0.000	292.673	0.000	0.000	0.000	0.000	0.161	-1.266	3.719	1.470	-376.800	92.799	0.000	0.100	0.100	752.266	376.800	0.000	0.000	836.346	0.000	0.000	0.000	1.000	-15.300	-26.300	161.700	121.900	8.900
3730819710.715	292.713	292.929	292.622	0.000	292.605	0.000	292.565	292.411	0.000	155.000	166.000	0.000	0.000	0.000	0.000	292.674	0.000	0.000	0.000	0.000	0.464	1.305	-1.422	1.530	-376.800	92.938	0.000	0.100	0.100	763.213	376.800	0.000	0.000	829.148	0.000	0.000	0.000	1.000	-15.300	-26.300	161.700	119.900	8.900
3730819712.714	292.706	292.927	292.622	0.000	292.605	0.000	292.565	292.418	0.000	155.000	166.000	0.000	0.000	0.000	0.000	292.672	0.000	0.000	0.000	0.000	-0.142	1.305	3.719	1.470	-376.800	92.568	0.000	0.100	0.100	754.612	376.800	0.000	0.000	848.687	0.000	0.000	0.000	1.000	-15.300	-26.300	161.700	119.300	8.300
3730819714.714	292.706	292.926	292.627	0.000	292.599	0.000	292.558	292.423	0.000	155.000	166.000	0.000	0.000	0.000	0.000	292.669	0.000	0.000	0.000	0.000	-0.142	-1.266	3.719	1.530	-376.800	92.568	0.000	0.100	0.100	762.431	376.800	0.000	0.000	860.000	0.000	0.000	0.000	1.000	-15.300	-26.300	161.700	121.900	8.900
3730819716.714	292.701	292.926	292.626	0.000	292.600	0.000	292.564	292.409	0.000	155.000	166.000	0.000	0.000	0.000	0.000	292.675	0.000	0.000	0.000	0.000	0.161	1.305	-1.422	1.470	-376.800	92.846	0.000	0.100	0.100	756.176	376.800	0.000	0.000	872.855	0.000	0.000	0.000	1.000	-15.300	-26.300	161.700	117.400	8.300
3730819718.715	292.697	292.934	292.615	0.000	292.605	0.000	292.553	292.422	0.000	155.000	166.000	0.000	0.000	0.000	0.000	292.675	0.000	0.000	0.000	0.000	0.161	1.305	3.719	1.530	-376.800	93.403	0.000	0.100	0.100	759.303	376.800	0.000	0.000	837.889	0.000	0.000	0.000	1.000	-15.300	-26.300	161.700	114.200	7.700
3730819720.714	292.706	292.930	292.617	0.000	292.606	0.000	292.561	292.414	0.000	155.000	166.000	0.000	0.000	0.000	0.000	292.679	0.000	0.000	0.000	0.000	0.161	-1.266	-1.422	1.500	-376.800	93.542	0.000	0.100	0.100	764.776	376.800	0.000	0.000	858.971	0.000	0.000	0.000	1.000	-15.300	-26.300	161.700	115.500	8.900
3730819722.714	292.703	292.929	292.618	0.000	292.604	0.000	292.555	292.413	0.000	155.000	166.000	0.000	0.000	0.000	0.000	292.660	0.000	0.000	0.000	0.000	-0.142	1.305	1.149	1.500	-376.800	92.754	0.000	0.100	0.100	753.830	376.800	0.000	0.000	851.773	0.000	0.000	0.000	1.000	-14.700	-26.300	161.700	121.200	7.000
3730819724.714	292.710	292.936	292.624	0.000	292.603	0.000	292.558	292.423	0.000	155.000	166.000	0.000	0.000	0.000	0.000	292.664	0.000	0.000	0.000	0.000	-0.142	1.305	1.149	1.500	-376.800	92.801	0.000	0.100	0.100	756.958	376.800	0.000	0.000	869.770	0.000	0.000	0.000	1.000	-14.700	-26.300	161.700	121.900	8.300
3730819726.714	292.710	292.933	292.630	0.000	292.612	0.000	292.569	292.426	0.000	155.000	166.000	0.000	0.000	0.000	0.000	292.669	0.000	0.000	0.000	0.000	-0.142	-1.266	1.149	1.500	-376.800	92.198	0.000	0.100	0.100	765.559	376.800	0.000	0.000	865.656	0.000	0.000	0.000	1.000	-15.300	-26.300	161.700	119.900	8.300
3730819728.713	292.705	292.938	292.623	0.000	292.603	0.000	292.569	292.417	0.000	155.000	166.000	0.000	0.000	0.000	0.000	292.677	0.000	0.000	0.000	0.000	0.161	-1.266	1.149	1.500	-376.800	92.383	0.000	0.100	0.100	761.649	376.800	0.000	0.000	831.204	0.000	0.000	0.000	1.000	-15.300	-26.300	161.700	115.500	8.900
3730819730.714	292.708	292.926	292.627	0.000	292.605	0.000	292.564	292.423	0.000	155.000	166.000	0.000	0.000	0.000	0.000	292.675	0.000	0.000	0.000	0.000	-0.142	1.305	1.149	1.470	-376.800	92.939	0.000	0.100	0.100	759.303	376.800	0.000	0.000	862.571	0.000	0.000	0.000	1.000	-15.300	-26.300	161.700	122.500	8.900
3730819732.714	292.710	292.928	292.620	0.000	292.609	0.000	292.557	292.413	0.000	155.000	166.000	0.000	0.000	0.000	0.000	292.672	0.000	0.000	0.000	0.000	-0.142	-1.266	1.149	1.470	-376.800	92.893	0.000	0.100	0.100	756.957	376.800	0.000	0.000	855.886	0.000	0.000	0.000	1.000	-14.700	-26.300	161.700	119.300	7.000
3730819734.714	292.704	292.927	292.618	0.000	292.600	0.000	292.558	292.420	0.000	155.000	166.000	0.000	0.000	0.000	0.000	292.661	0.000	0.000	0.000	0.000	-0.142	-1.266	-1.422	1.470	-376.800	92.800	0.000	0.100	0.100	757.739	376.800	0.000	0.000	873.369	0.000	0.000	0.000	1.000	-14.700	-26.300	161.700	117.400	8.300
3730819736.714	292.692	292.920	292.615	0.000	292.594	0.000	292.566	292.408	0.000	155.000	166.000	0.000	0.000	0.000	0.000	292.651	0.000	0.000	0.000	0.000	-0.142	-1.266	-1.422	1.500	-376.800	92.475	0.000	0.100	0.100	752.266	376.800	0.000	0.000	827.091	0.000	0.000	0.000	1.000	-15.300	-26.300	161.700	118.700	8.300
3730819738.715	292.695	292.928	292.618	0.000	292.595	0.000	292.563	292.404	0.000	155.000	166.000	0.000	0.000	0.000	0.000	292.663	0.000	0.000	0.000	0.000	-0.142	-1.266	3.719	1.500	-376.800	93.031	0.000	0.100	0.100	756.175	376.800	0.000	0.000	824.005	0.000	0.000	0.000	1.000	-14.700	-26.300	161.700	122.500	8.900
3730819740.714	292.702	292.931	292.624	0.000	292.597	0.000	292.563	292.426	0.000	155.000	166.000	0.000	0.000	0.000	0.000	292.663	0.000	0.000	0.000	0.000	-0.142	1.305	3.719	1.470	-376.800	92.845	0.000	0.100	0.100	763.213	376.800	0.000	0.000	840.460	0.000	0.000	0.000	1.000	-14.700	-26.300	161.700	115.500	8.300
3730819742.714	292.703	292.923	292.607	0.000	292.598	0.000	292.558	292.418	0.000	155.000	166.000	0.000	0.000	0.000	0.000	292.661	0.000	0.000	0.000	0.000	-0.142	3.876	3.719	1.470	-376.800	92.799	0.000	0.100	0.100	765.559	376.800	0.000	0.000	874.912	0.000	0.000	0.000	1.000	-15.300	-26.300	161.700	119.300	8.300
3730819744.715	292.705	292.921	292.609	0.000	292.600	0.000	292.554	292.418	0.000	155.000	166.000	0.000	0.000	0.000	0.000	292.657	0.000	0.000	0.000	0.000	0.161	1.305	1.149	1.500	-376.800	92.660	0.000	0.100	0.100	754.612	376.800	0.000	0.000	876.969	0.000	0.000	0.000	1.000	-14.700	-26.300	161.700	116.100	8.300
3730819746.714	292.699	292.922	292.617	0.000	292.602	0.000	292.560	292.415	0.000	155.000	166.000	0.000	0.000	0.000	0.000	292.666	0.000	0.000	0.000	0.000	-0.142	1.305	3.719	1.500	-376.800	93.124	0.000	0.100	0.100	764.776	376.800	0.000	0.000	852.287	0.000	0.000	0.000	1.000	-14.700	-26.300	161.700	116.100	8.300
3730819748.714	292.705	292.913	292.620	0.000	292.601	0.000	292.559	292.412	0.000	155.000	166.000	0.000	0.000	0.000	0.000	292.664	0.000	0.000	0.000	0.000	-0.142	3.876	3.719	1.500	-376.800	92.753	0.000	0.100	0.100	757.739	376.800	0.000	0.000	850.744	0.000	0.000	0.000	1.000	-14.700	-26.300	161.700	119.900	8.300
3730819750.714	292.708	292.931	292.627	0.000	292.605	0.000	292.568	292.418	0.000	155.000	166.000	0.000	0.000	0.000	0.000	292.673	0.000	0.000	0.000	0.000	-0.142	-1.266	6.290	1.530	-376.800	92.846	0.000	0.100	0.100	756.957	376.800	0.000	0.000	843.545	0.000	0.000	0.000	1.000	-14.700	-26.300	161.700	118.700	8.300
3730819752.714	292.702	292.932	292.620	0.000	292.600	0.000	292.560	292.416	0.000	155.000	166.000	0.000	0.000	0.000	0.000	292.665	0.000	0.000	0.000	0.000	-0.142	-1.266	1.149	1.500	-376.800	92.336	0.000	0.100	0.100	757.739	376.800	0.000	0.000	863.085	0.000	0.000	0.000	1.000	-15.300	-26.300	161.700	120.600	8.300
3730819754.715	292.706	292.928	292.632	0.000	292.609	0.000	292.570	292.420	0.000	155.000	166.000	0.000	0.000	0.000	0.000	292.681	0.000	0.000	0.000	0.000	-0.142	-1.266	3.719	1.470	-376.800	92.985	0.000	0.100	0.100	766.340	376.800	0.000	0.000	833.775	0.000	0.000	0.000	1.000	-15.300	-26.300	161.700	116.800	8.300
3730819756.715	292.708	292.932	292.626	0.000	292.609	0.000	292.566	292.415	0.000	155.000	166.000	0.000	0.000	0.000	0.000	292.667	0.000	0.000	0.000	0.000	0.161	-1.266	1.149	1.500	-376.800	93.031	0.000	0.100	0.100	761.649	376.800	0.000	0.000	845.602	0.000	0.000	0.000	1.000	-14.700	-26.300	161.700	121.900	8.900
3730819758.713	292.708	292.930	292.622	0.000	292.604	0.000	292.568	292.417	0.000	155.000	166.000	0.000	0.000	0.000	0.000	292.675	0.000	0.000	0.000	0.000	-0.142	1.305	3.719	1.530	-376.800	93.031	0.000	0.100	0.100	751.484	376.800	0.000	0.000	828.119	0.000	0.000	0.000	1.000	-14.700	-26.300	161.700	116.800	8.300
3730819760.715	292.709	292.926	292.619	0.000	292.598	0.000	292.566	292.414	0.000	155.000	166.000	0.000	0.000	0.000	0.000	292.661	0.000	0.000	0.000	0.000	-0.142	3.876	-1.422	1.442	-376.800	92.753	0.000	0.100	0.100	758.521	376.800	0.000	0.000	872.341	0.000	0.000	0.000	1.000	-15.300	-26.700	161.700	114.800	7.000
3730819762.714	292.700	292.915	292.618	0.000	292.589	0.000	292.560	292.404	0.000	155.000	166.000	0.000	0.000	0.000	0.000	292.671	0.000	0.000	0.000	0.000	-0.142	1.305	1.149	1.500	-376.800	93.077	0.000	0.100	0.100	759.303	376.800	0.000	0.000	866.170	0.000	0.000	0.000	1.000	-14.700	-26.300	161.700	120.600	8.900
3730819764.713	292.710	292.925	292.623	0.000	292.613	0.000	292.566	292.417	0.000	155.000	166.000	0.000	0.000	0.000	0.000	292.679	0.000	0.000	0.000	0.000	0.161	1.305	3.719	1.530	-376.800	93.680	0.000	0.100	0.100	758.521	376.800	0.000	0.000	873.883	0.000	0.000	0.000	1.000	-14.700	-26.300	161.700	121.900	7.000
3730819766.714	292.709	292.927	292.624	0.000	292.598	0.000	292.565	292.407	0.000	155.000	166.000	0.000	0.000	0.000	0.000	292.671	0.000	0.000	0.000	0.000	0.161	1.305	1.149	1.470	-376.800	92.567	0.000	0.100	0.100	760.085	376.800	0.000	0.000	838.917	0.000	0.000	0.000	1.000	-15.300	-26.700	161.700	116.100	8.900
3730819768.715	292.707	292.926	292.631	0.000	292.609	0.000	292.570	292.423	0.000	155.000	166.000	0.000	0.000	0.000	0.000	292.673	0.000	0.000	0.000	0.000	-0.142	1.305	1.149	1.442	-376.800	92.984	0.000	0.100	0.100	756.175	376.800	0.000	0.000	831.719	0.000	0.000	0.000	1.000	-14.700	-26.300	161.700	121.900	8.900
3730819770.714	292.695	292.920	292.619	0.000	292.599	0.000	292.555	292.412	0.000	155.000	166.000	0.000	0.000	0.000	0.000	292.666	0.000	0.000	0.000	0.000	-0.142	1.305	-1.422	1.500	-376.800	92.891	0.000	0.100	0.100	758.521	376.800	0.000	0.000	875.940	0.000	0.000	0.000	1.000	-14.700	-26.300	161.700	121.900	5.700
3730819772.714	292.705	292.921	292.614	0.000	292.600	0.000	292.561	292.414	0.000	155.000	166.000	0.000	0.000	0.000	0.000	292.670	0.000	0.000	0.000	0.000	-0.142	1.305	1.149	1.470	-376.800	92.752	0.000	0.100	0.100	754.611	376.800	0.000	0.000	854.858	0.000	0.000	0.000	1.000	-14.700	-26.700	161.700	119.300	8.300
3730819774.715	292.706	292.921	292.619	0.000	292.594	0.000	292.562	292.412	0.000	155.000	166.000	0.000	0.000	0.000	0.000	292.666	0.000	0.000	0.000	0.000	0.161	-1.266	1.149	1.414	-376.800	92.381	0.000	0.100	0.100	763.994	376.800	0.000	0.000	822.977	0.000	0.000	0.000	1.000	-14.700	-26.300	161.700	121.900	8.900
3730819776.713	292.709	292.927	292.618	0.000	292.597	0.000	292.570	292.417	0.000	155.000	166.000	0.000	0.000	0.000	0.000	292.681	0.000	0.000	0.000	0.000	0.161	3.876	1.149	1.500	-376.800	93.355	0.000	0.100	0.100	756.175	376.800	0.000	0.000	843.031	0.000	0.000	0.000	1.000	-14.700	-26.300	161.700	116.800	8.300
3730819778.714	292.711	292.925	292.623	0.000	292.598	0.000	292.561	292.414	0.000	155.000	166.000	0.000	0.000	0.000	0.000	292.667	0.000	0.000	0.000	0.000	0.161	-1.266	6.290	1.470	-376.800	93.401	0.000	0.100	0.100	762.431	376.800	0.000	0.000	861.028	0.000	0.000	0.000	1.000	-15.300	-26.700	161.700	119.300	8.900
3730819780.714	292.710	292.932	292.621	0.000	292.604	0.000	292.566	292.417	0.000	155.000	166.000	0.000	0.000	0.000	0.000	292.684	0.000	0.000	0.000	0.000	0.464	-1.266	1.149	1.470	-376.800	92.891	0.000	0.100	0.100	752.266	376.800	0.000	0.000	879.540	0.000	0.000	0.000	1.000	-14.700	-26.300	161.700	114.200	8.300
3730819782.714	292.712	292.921	292.624	0.000	292.601	0.000	292.564	292.419	0.000	155.000	166.000	0.000	0.000	0.000	0.000	292.678	0.000	0.000	0.000	0.000	0.161	-1.266	3.719	1.500	-376.800	93.030	0.000	0.100	0.100	760.085	376.800	0.000	0.000	848.173	0.000	0.000	0.000	1.000	-14.700	-26.700	161.700	118.700	8.300
3730819784.714	292.701	292.920	292.622	0.000	292.600	0.000	292.559	292.418	0.000	155.000	166.000	0.000	0.000	0.000	0.000	292.674	0.000	0.000	0.000	0.000	0.464	3.876	1.149	1.530	-376.800	93.076	0.000	0.100	0.100	760.085	376.800	0.000	0.000	827.091	0.000	0.000	0.000	1.000	-15.300	-26.700	161.900	116.100	6.400
3730819786.714	292.713	292.928	292.624	0.000	292.598	0.000	292.558	292.422	0.000	155.000	166.000	0.000	0.000	0.000	0.000	292.672	0.000	0.000	0.000	0.000	-0.142	-1.266	1.149	1.470	-376.800	92.659	0.000	0.100	0.100	762.431	376.800	0.000	0.000	846.116	0.000	0.000	0.000	1.000	-14.700	-26.700	161.900	116.800	5.700
3730819788.713	292.710	292.928	292.632	0.000	292.613	0.000	292.563	292.417	0.000	155.000	166.000	0.000	0.000	0.000	0.000	292.675	0.000	0.000	0.000	0.000	-0.142	-1.266	3.719	1.470	-376.800	92.798	0.000	0.100	0.100	763.213	376.800	0.000	0.000	865.142	0.000	0.000	0.000	1.000	-14.700	-26.300	161.700	116.100	8.900
3730819790.714	292.706	292.926	292.629	0.000	292.605	0.000	292.564	292.409	0.000	155.000	166.000	0.000	0.000	0.000	0.000	292.669	0.000	0.000	0.000	0.000	-0.142	6.446	1.149	1.530	-376.800	93.169	0.000	0.100	0.100	758.521	376.800	0.000	0.000	876.454	0.000	0.000	0.000	1.000	-14.700	-26.300	161.700	116.800	8.900
3730819792.714	292.718	292.930	292.626	0.000	292.606	0.000	292.558	292.410	0.000	155.000	166.000	0.000	0.000	0.000	0.000	292.671	0.000	0.000	0.000	0.000	-0.142	1.305	3.719	1.470	-376.800	92.660	0.000	0.100	0.100	755.393	376.800	0.000	0.000	840.974	0.000	0.000	0.000	1.000	-14.700	-26.700	161.700	117.400	8.300
3730819794.714	292.720	292.936	292.631	0.000	292.601	0.000	292.566	292.423	0.000	155.000	166.000	0.000	0.000	0.000	0.000	292.682	0.000	0.000	0.000	0.000	-0.445	1.305	3.719	1.500	-376.800	93.077	0.000	0.100	0.100	753.830	376.800	0.000	0.000	830.690	0.000	0.000	0.000	1.000	-14.700	-26.300	161.700	118.700	8.900
3730819796.714	292.717	292.929	292.632	0.000	292.604	0.000	292.562	292.414	0.000	155.000	166.000	0.000	0.000	0.000	0.000	292.679	0.000	0.000	0.000	0.000	-0.142	-1.266	3.719	1.500	-376.800	93.448	0.000	0.100	0.100	759.303	376.800	0.000	0.000	849.202	0.000	0.000	0.000	1.000	-14.700	-26.700	161.700	118.000	8.300
3730819798.714	292.714	292.929	292.622	0.000	292.616	0.000	292.564	292.414	0.000	155.000	166.000	0.000	0.000	0.000	0.000	292.675	0.000	0.000	0.000	0.000	0.161	1.305	3.719	1.500	-376.800	92.706	0.000	0.100	0.100	756.958	376.800	0.000	0.000	868.741	0.000	0.000	0.000	1.000	-14.700	-26.700	161.700	119.900	6.400
3730819800.714	292.710	292.926	292.618	0.000	292.606	0.000	292.563	292.416	0.000	155.000	166.000	0.000	0.000	0.000	0.000	292.666	0.000	0.000	0.000	0.000	-0.142	1.305	3.719	1.500	-376.800	92.892	0.000	0.100	0.100	760.867	376.800	0.000	0.000	870.284	0.000	0.000	0.000	1.000	-14.700	-26.300	161.700	121.200	6.400
3730819802.714	292.722	292.936	292.629	0.000	292.612	0.000	292.571	292.417	0.000	155.000	166.000	0.000	0.000	0.000	0.000	292.684	0.000	0.000	0.000	0.000	0.161	-1.266	6.290	1.470	-376.800	93.170	0.000	0.100	0.100	760.085	376.800	0.000	0.000	834.290	0.000	0.000	0.000	1.000	-14.700	-26.300	161.700	119.900	8.300
3730819804.714	292.710	292.930	292.619	0.000	292.609	0.000	292.560	292.419	0.000	155.000	166.000	0.000	0.000	0.000	0.000	292.675	0.000	0.000	0.000	0.000	-0.142	1.305	3.719	1.500	-376.800	92.614	0.000	0.100	0.100	758.522	376.800	0.000	0.000	834.290	0.000	0.000	0.000	1.000	-14.700	-26.700	161.700	116.100	8.300
3730819806.715	292.716	292.939	292.619	0.000	292.604	0.000	292.565	292.412	0.000	155.000	166.000	0.000	0.000	0.000	0.000	292.673	0.000	0.000	0.000	0.000	0.161	1.305	1.149	1.470	-376.800	92.660	0.000	0.100	0.100	753.830	376.800	0.000	0.000	853.829	0.000	0.000	0.000	1.000	-14.700	-26.300	161.700	121.900	8.900
3730819808.715	292.719	292.937	292.630	0.000	292.608	0.000	292.556	292.406	0.000	155.000	166.000	0.000	0.000	0.000	0.000	292.683	0.000	0.000	0.000	0.000	-0.142	1.305	6.290	1.500	-376.800	92.521	0.000	0.100	0.100	759.303	376.800	0.000	0.000	871.827	0.000	0.000	0.000	1.000	-14.700	-26.300	161.700	118.000	8.300
3730819810.714	292.702	292.918	292.620	0.000	292.597	0.000	292.557	292.412	0.000	155.000	166.000	0.000	0.000	0.000	0.000	292.668	0.000	0.000	0.000	0.000	0.161	-1.266	3.719	1.530	-376.800	92.660	0.000	0.100	0.100	756.958	376.800	0.000	0.000	862.571	0.000	0.000	0.000	1.000	-14.700	-26.700	161.700	114.800	7.000
3730819812.714	292.704	292.919	292.623	0.000	292.609	0.000	292.561	292.412	0.000	155.000	166.000	0.000	0.000	0.000	0.000	292.672	0.000	0.000	0.000	0.000	-0.445	-1.266	3.719	1.500	-376.800	93.170	0.000	0.100	0.100	767.122	376.800	0.000	0.000	828.119	0.000	0.000	0.000	1.000	-14.700	-26.700	161.700	121.900	8.300
3730819814.713	292.709	292.924	292.628	0.000	292.607	0.000	292.560	292.416	0.000	155.000	166.000	0.000	0.000	0.000	0.000	292.675	0.000	0.000	0.000	0.000	0.161	-1.266	3.719	1.530	-376.800	92.475	0.000	0.100	0.100	760.085	376.800	0.000	0.000	838.403	0.000	0.000	0.000	1.000	-14.700	-26.700	161.700	121.900	6.400
3730819816.714	292.709	292.929	292.617	0.000	292.602	0.000	292.563	292.419	0.000	155.000	166.000	0.000	0.000	0.000	0.000	292.671	0.000	0.000	0.000	0.000	-0.142	-1.266	1.149	1.500	-376.800	93.170	0.000	0.100	0.100	762.431	376.800	0.000	0.000	856.915	0.000	0.000	0.000	1.000	-14.700	-26.700	161.700	120.600	8.300
3730819818.714	292.704	292.930	292.630	0.000	292.603	0.000	292.559	292.408	0.000	155.000	166.000	0.000	0.000	0.000	0.000	292.676	0.000	0.000	0.000	0.000	0.161	3.876	1.149	1.500	-376.800	93.309	0.000	0.100	0.100	766.340	376.800	0.000	0.000	874.912	0.000	0.000	0.000	1.000	-14.700	-26.300	161.700	115.500	8.900
3730819820.714	292.717	292.939	292.630	0.000	292.612	0.000	292.566	292.420	0.000	155.000	166.000	0.000	0.000	0.000	0.000	292.677	0.000	0.000	0.000	0.000	-0.142	1.305	1.149	1.560	-376.800	93.216	0.000	0.100	0.100	756.957	376.800	0.000	0.000	855.372	0.000	0.000	0.000	1.000	-14.700	-26.300	161.700	116.800	8.900
3730819822.714	292.710	292.932	292.624	0.000	292.603	0.000	292.560	292.414	0.000	155.000	166.000	0.000	0.000	0.000	0.000	292.676	0.000	0.000	0.000	0.000	0.161	1.305	3.719	1.500	-376.800	92.753	0.000	0.100	0.100	764.777	376.800	0.000	0.000	821.949	0.000	0.000	0.000	1.000	-14.700	-26.300	161.700	113.600	8.300
3730819824.714	292.720	292.936	292.634	0.000	292.613	0.000	292.573	292.422	0.000	155.000	166.000	0.000	0.000	0.000	0.000	292.692	0.000	0.000	0.000	0.000	-0.142	1.305	-1.422	1.500	-376.800	92.521	0.000	0.100	0.100	760.867	376.800	0.000	0.000	842.003	0.000	0.000	0.000	1.000	-14.700	-26.700	161.900	119.300	8.900
3730819826.714	292.708	292.930	292.612	0.000	292.606	0.000	292.562	292.415	0.000	155.000	166.000	0.000	0.000	0.000	0.000	292.672	0.000	0.000	0.000	0.000	-0.142	1.305	3.719	1.530	-376.800	93.031	0.000	0.100	0.100	757.740	376.800	0.000	0.000	860.514	0.000	0.000	0.000	1.000	-14.700	-26.300	161.700	115.500	8.900
3730819828.714	292.717	292.929	292.622	0.000	292.607	0.000	292.567	292.416	0.000	155.000	166.000	0.000	0.000	0.000	0.000	292.674	0.000	0.000	0.000	0.000	-0.142	-1.266	3.719	1.530	-376.800	93.263	0.000	0.100	0.100	762.431	376.800	0.000	0.000	877.997	0.000	0.000	0.000	1.000	-14.700	-26.700	161.700	118.000	7.000
3730819830.714	292.715	292.930	292.622	0.000	292.609	0.000	292.568	292.408	0.000	155.000	166.000	0.000	0.000	0.000	0.000	292.677	0.000	0.000	0.000	0.000	0.161	-1.266	1.149	1.500	-376.800	92.892	0.000	0.100	0.100	763.995	376.800	0.000	0.000	848.687	0.000	0.000	0.000	1.000	-14.700	-26.300	161.700	121.900	8.900
3730819832.722	292.718	292.941	292.622	0.000	292.615	0.000	292.563	292.417	0.000	155.000	166.000	0.000	0.000	0.000	0.000	292.680	0.000	0.000	0.000	0.000	0.161	-1.266	6.290	1.470	-376.800	92.892	0.000	0.100	0.100	758.522	376.800	0.000	0.000	826.062	0.000	0.000	0.000	1.000	-14.700	-26.300	161.700	118.000	8.300
3730819834.715	292.718	292.931	292.627	0.000	292.606	0.000	292.570	292.423	0.000	155.000	166.000	0.000	0.000	0.000	0.000	292.678	0.000	0.000	0.000	0.000	-0.445	1.305	6.290	1.530	-376.800	92.568	0.000	0.100	0.100	763.213	376.800	0.000	0.000	846.116	0.000	0.000	0.000	1.000	-14.700	-26.300	161.700	120.600	8.300
3730819836.714	292.718	292.933	292.633	0.000	292.612	0.000	292.569	292.410	0.000	155.000	166.000	0.000	0.000	0.000	0.000	292.692	0.000	0.000	0.000	0.000	0.464	1.305	1.149	1.500	-376.800	92.846	0.000	0.100	0.100	762.431	376.800	0.000	0.000	864.113	0.000	0.000	0.000	1.000	-14.700	-26.700	161.900	119.300	8.900
3730819838.715	292.713	292.935	292.631	0.000	292.612	0.000	292.576	292.425	0.000	155.000	166.000	0.000	0.000	0.000	0.000	292.673	0.000	0.000	0.000	0.000	-0.142	1.305	3.719	1.500	-376.800	93.124	0.000	0.100	0.100	758.521	376.800	0.000	0.000	877.997	0.000	0.000	0.000	1.000	-14.700	-26.300	161.700	118.000	8.300
3730819840.714	292.714	292.931	292.616	0.000	292.607	0.000	292.569	292.406	0.000	155.000	166.000	0.000	0.000	0.000	0.000	292.680	0.000	0.000	0.000	0.000	-0.445	-1.266	3.719	1.470	-376.800	92.615	0.000	0.100	0.100	755.394	376.800	0.000	0.000	842.517	0.000	0.000	0.000	1.000	-14.700	-26.300	161.900	121.900	8.900
3730819842.714	292.703	292.917	292.620	0.000	292.599	0.000	292.551	292.399	0.000	155.000	166.000	0.000	0.000	0.000	0.000	292.664	0.000	0.000	0.000	0.000	-0.142	-1.266	6.290	1.500	-376.800	92.754	0.000	0.100	0.100	762.431	376.800	0.000	0.000	830.176	0.000	0.000	0.000	1.000	-14.700	-26.300	161.900	116.800	7.000
3730819844.714	292.710	292.930	292.618	0.000	292.616	0.000	292.565	292.407	0.000	155.000	166.000	0.000	0.000	0.000	0.000	292.686	0.000	0.000	0.000	0.000	0.161	-1.266	3.719	1.500	-376.800	92.383	0.000	0.100	0.100	757.740	376.800	0.000	0.000	849.202	0.000	0.000	0.000	1.000	-14.700	-26.700	161.900	120.600	8.300
3730819846.713	292.723	292.932	292.616	0.000	292.623	0.000	292.561	292.413	0.000	155.000	166.000	0.000	0.000	0.000	0.000	292.690	0.000	0.000	0.000	0.000	0.161	1.305	-1.422	1.470	-376.800	92.337	0.000	0.100	0.100	756.176	376.800	0.000	0.000	868.227	0.000	0.000	0.000	1.000	-14.700	-26.700	161.900	119.300	8.300
3730819848.714	292.716	292.932	292.634	0.000	292.608	0.000	292.564	292.411	0.000	155.000	166.000	0.000	0.000	0.000	0.000	292.679	0.000	0.000	0.000	0.000	-0.142	3.876	3.719	1.500	-376.800	93.310	0.000	0.100	0.100	766.340	376.800	0.000	0.000	871.827	0.000	0.000	0.000	1.000	-14.700	-26.300	161.900	120.600	8.900
3730819850.713	292.711	292.928	292.618	0.000	292.605	0.000	292.550	292.403	0.000	155.000	166.000	0.000	0.000	0.000	0.000	292.672	0.000	0.000	0.000	0.000	-0.142	1.305	1.149	1.500	-376.800	92.198	0.000	0.100	0.100	761.649	376.800	0.000	0.000	836.346	0.000	0.000	0.000	1.000	-14.700	-26.300	161.900	118.000	8.900
3730819852.714	292.713	292.927	292.622	0.000	292.610	0.000	292.555	292.403	0.000	155.000	166.000	0.000	0.000	0.000	0.000	292.679	0.000	0.000	0.000	0.000	0.161	-1.266	3.719	1.500	-376.800	92.569	0.000	0.100	0.100	754.612	376.800	0.000	0.000	834.290	0.000	0.000	0.000	1.000	-14.700	-26.300	161.900	121.900	8.300
3730819854.715	292.711	292.926	292.613	0.000	292.602	0.000	292.554	292.410	0.000	155.000	166.000	0.000	0.000	0.000	0.000	292.679	0.000	0.000	0.000	0.000	0.161	1.305	3.719	1.530	-376.800	92.661	0.000	0.100	0.100	754.612	376.800	0.000	0.000	853.315	0.000	0.000	0.000	1.000	-14.700	-26.300	161.900	121.200	8.300
3730819856.714	292.719	292.935	292.629	0.000	292.621	0.000	292.561	292.408	0.000	155.000	166.000	0.000	0.000	0.000	0.000	292.682	0.000	0.000	0.000	0.000	-0.142	-1.266	3.719	1.500	-376.800	93.217	0.000	0.100	0.100	759.304	376.800	0.000	0.000	871.312	0.000	0.000	0.000	1.000	-14.700	-26.300	161.900	121.900	8.900
3730819858.715	292.716	292.936	292.627	0.000	292.612	0.000	292.569	292.411	0.000	155.000	166.000	0.000	0.000	0.000	0.000	292.679	0.000	0.000	0.000	0.000	0.161	-1.266	-1.422	1.470	-376.800	92.568	0.000	0.100	0.100	754.612	376.800	0.000	0.000	863.085	0.000	0.000	0.000	1.000	-14.700	-26.700	161.900	118.000	8.300
3730819860.714	292.709	292.929	292.619	0.000	292.615	0.000	292.567	292.412	0.000	155.000	166.000	0.000	0.000	0.000	0.000	292.673	0.000	0.000	0.000	0.000	-0.142	-1.266	3.719	1.500	-376.800	92.893	0.000	0.100	0.100	759.303	376.800	0.000	0.000	828.633	0.000	0.000	0.000	1.000	-14.700	-26.700	161.700	116.800	8.300
3730819862.714	292.706	292.938	292.609	0.000	292.607	0.000	292.563	292.410	0.000	155.000	166.000	0.000	0.000	0.000	0.000	292.679	0.000	0.000	0.000	0.000	-0.142	1.305	-1.422	1.470	-376.800	92.753	0.000	0.100	0.100	759.303	376.800	0.000	0.000	837.889	0.000	0.000	0.000	1.000	-14.700	-26.700	161.700	115.500	8.300
3730819864.715	292.706	292.929	292.612	0.000	292.600	0.000	292.553	292.398	0.000	155.000	166.000	0.000	0.000	0.000	0.000	292.673	0.000	0.000	0.000	0.000	0.161	1.305	3.719	1.500	-376.800	93.031	0.000	0.100	0.100	760.086	376.800	0.000	0.000	856.400	0.000	0.000	0.000	1.000	-14.700	-26.700	161.900	118.000	8.300
3730819866.713	292.703	292.929	292.617	0.000	292.605	0.000	292.550	292.413	0.000	155.000	166.000	0.000	0.000	0.000	0.000	292.669	0.000	0.000	0.000	0.000	-0.445	1.305	-1.422	1.500	-376.800	93.263	0.000	0.100	0.100	759.303	376.800	0.000	0.000	874.398	0.000	0.000	0.000	1.000	-14.700	-26.300	161.900	120.600	8.300
3730819868.715	292.711	292.923	292.624	0.000	292.613	0.000	292.558	292.398	0.000	155.000	166.000	0.000	0.000	0.000	0.000	292.675	0.000	0.000	0.000	0.000	-0.142	1.305	3.719	1.470	-376.800	93.031	0.000	0.100	0.100	760.085	376.800	0.000	0.000	857.429	0.000	0.000	0.000	1.000	-14.700	-26.300	161.900	121.200	8.300
3730819870.715	292.711	292.932	292.622	0.000	292.615	0.000	292.562	292.414	0.000	155.000	166.000	0.000	0.000	0.000	0.000	292.681	0.000	0.000	0.000	0.000	0.464	1.305	1.149	1.470	-376.800	93.495	0.000	0.100	0.100	759.303	376.800	0.000	0.000	822.977	0.000	0.000	0.000	1.000	-14.700	-26.700	161.900	121.900	6.400
3730819872.714	292.720	292.938	292.635	0.000	292.619	0.000	292.569	292.425	0.000	155.000	166.000	0.000	0.000	0.000	0.000	292.685	0.000	0.000	0.000	0.000	-0.142	1.305	3.719	1.470	-376.800	93.124	0.000	0.100	0.100	756.175	376.800	0.000	0.000	840.974	0.000	0.000	0.000	1.000	-14.700	-26.300	161.900	119.900	8.900
