3730818185.471	292.657	292.839	292.531	0.000	292.528	0.000	292.485	292.331	0.000	155.000	166.000	0.000	0.000	0.000	0.000	292.512	0.000	0.000	0.000	0.000	-0.142	3.876	1.149	1.470	-376.800	91.408	0.000	0.100	0.100	758.521	376.800	0.000	0.000	847.145	0.000	0.000	0.000	1.000	-17.800	-17.400	-6.700	207.400	206.100
3730818222.714	292.650	292.836	292.536	0.000	292.539	0.000	292.491	292.336	0.000	155.000	166.000	0.000	0.000	0.000	0.000	292.526	0.000	0.000	0.000	0.000	0.464	-1.266	1.149	1.500	-376.800	92.382	0.000	0.100	0.100	760.868	376.800	0.000	0.000	852.287	0.000	0.000	0.000	1.000	-17.800	-17.400	-6.700	206.100	206.100
3730818232.713	292.656	292.827	292.542	0.000	292.534	0.000	292.497	292.337	0.000	155.000	166.000	0.000	0.000	0.000	0.000	292.529	0.000	0.000	0.000	0.000	0.161	3.876	3.719	1.500	-376.800	92.522	0.000	0.100	0.100	759.303	376.800	0.000	0.000	855.886	0.000	0.000	0.000	1.000	-17.800	-17.400	-6.700	207.400	206.100
3730818242.714	292.649	292.821	292.543	0.000	292.532	0.000	292.488	292.330	0.000	155.000	166.000	0.000	0.000	0.000	0.000	292.523	0.000	0.000	0.000	0.000	0.161	1.305	3.719	1.500	-376.800	93.078	0.000	0.100	0.100	763.995	376.800	0.000	0.000	860.514	0.000	0.000	0.000	1.000	-17.800	-17.400	-6.700	207.400	206.100
3730818244.714	292.651	292.829	292.535	0.000	292.532	0.000	292.496	292.341	0.000	155.000	166.000	0.000	0.000	0.000	0.000	292.521	0.000	0.000	0.000	0.000	0.161	-1.266	3.719	1.470	-376.800	92.799	0.000	0.100	0.100	754.612	376.800	0.000	0.000	876.454	0.000	0.000	0.000	1.000	0.000	0.000	0.000	0.000	0.000
3730818246.713	292.654	292.830	292.543	0.000	292.531	0.000	292.490	292.342	0.000	155.000	166.000	0.000	0.000	0.000	0.000	292.529	0.000	0.000	0.000	0.000	-0.142	1.305	3.719	1.500	-376.800	93.170	0.000	0.100	0.100	760.867	376.800	0.000	0.000	850.744	0.000	0.000	0.000	1.000	0.000	0.000	0.000	0.000	0.000
3730818248.714	292.649	292.825	292.535	0.000	292.550	0.000	292.489	292.339	0.000	155.000	166.000	0.000	0.000	0.000	0.000	292.526	0.000	0.000	0.000	0.000	0.161	1.305	1.149	1.500	-376.800	93.262	0.000	0.100	0.100	763.994	376.800	0.000	0.000	825.548	0.000	0.000	0.000	1.000	0.000	0.000	0.000	0.300	7.400
3730818250.714	292.642	292.837	292.538	0.000	292.532	0.000	292.481	292.340	0.000	155.000	166.000	0.000	0.000	0.000	0.000	292.528	0.000	0.000	0.000	0.000	0.161	-3.836	3.719	1.470	-376.800	92.891	0.000	0.100	0.100	761.649	376.800	0.000	0.000	844.059	0.000	0.000	0.000	1.000	-17.400	-17.800	-1.900	370.700	91.900
3730818252.713	292.645	292.822	292.532	0.000	292.527	0.000	292.491	292.338	0.000	155.000	166.000	0.000	0.000	0.000	0.000	292.519	0.000	0.000	0.000	0.000	-0.142	-1.266	1.149	1.500	-376.800	92.613	0.000	0.100	0.100	753.830	376.800	0.000	0.000	863.085	0.000	0.000	0.000	1.000	-17.800	-19.900	-0.000	372.600	87.400
3730818254.714	292.647	292.829	292.540	0.000	292.522	0.000	292.490	292.344	0.000	155.000	166.000	0.000	0.000	0.000	0.000	292.522	0.000	0.000	0.000	0.000	0.161	-1.266	1.149	1.470	-376.800	92.752	0.000	0.100	0.100	753.829	376.800	0.000	0.000	879.025	0.000	0.000	0.000	1.000	-17.800	-23.100	2.900	373.900	87.400
3730818256.714	292.642	292.823	292.536	0.000	292.529	0.000	292.491	292.350	0.000	155.000	166.000	0.000	0.000	0.000	0.000	292.531	0.000	0.000	0.000	0.000	-0.142	6.446	-1.422	1.470	-376.800	92.892	0.000	0.100	0.100	758.521	376.800	0.000	0.000	843.031	0.000	0.000	0.000	1.000	-18.400	-25.200	7.100	376.400	88.700
3730818258.715	292.631	292.828	292.535	0.000	292.525	0.000	292.479	292.336	0.000	155.000	166.000	0.000	0.000	0.000	0.000	292.515	0.000	0.000	0.000	0.000	0.161	3.876	3.719	1.500	-376.800	92.614	0.000	0.100	0.100	758.521	376.800	0.000	0.000	829.148	0.000	0.000	0.000	1.000	-17.800	-27.300	12.200	372.000	86.800
3730818260.713	292.629	292.826	292.529	0.000	292.516	0.000	292.481	292.338	0.000	155.000	166.000	0.000	0.000	0.000	0.000	292.527	0.000	0.000	0.000	0.000	0.161	-3.836	1.149	1.500	-376.800	92.939	0.000	0.100	0.100	749.139	376.800	0.000	0.000	847.145	0.000	0.000	0.000	1.000	-18.900	-30.600	15.800	377.100	88.000
3730818262.714	292.636	292.833	292.545	0.000	292.533	0.000	292.488	292.356	0.000	155.000	166.000	0.000	0.000	0.000	0.000	292.531	0.000	0.000	0.000	0.000	-0.142	-1.266	3.719	1.530	-376.800	93.078	0.000	0.100	0.100	760.867	376.800	0.000	0.000	866.170	0.000	0.000	0.000	1.000	-17.800	-32.100	18.200	370.000	87.400
3730818264.714	292.625	292.820	292.529	0.000	292.519	0.000	292.475	292.345	0.000	155.000	166.000	0.000	0.000	0.000	0.000	292.522	0.000	0.000	0.000	0.000	-0.445	1.305	3.719	1.470	-376.800	92.708	0.000	0.100	0.100	760.085	376.800	0.000	0.000	872.341	0.000	0.000	0.000	1.000	-17.800	-33.200	20.800	371.300	87.400
3730818266.713	292.634	292.836	292.536	0.000	292.533	0.000	292.483	292.355	0.000	155.000	166.000	0.000	0.000	0.000	0.000	292.537	0.000	0.000	0.000	0.000	0.161	3.876	3.719	1.500	-376.800	93.820	0.000	0.100	0.100	763.213	376.800	0.000	0.000	836.346	0.000	0.000	0.000	1.000	-17.800	-34.300	23.000	371.300	87.400
3730818268.714	292.630	292.825	292.533	0.000	292.508	0.000	292.475	292.350	0.000	155.000	166.000	0.000	0.000	0.000	0.000	292.534	0.000	0.000	0.000	0.000	0.464	3.876	1.149	1.470	-376.800	92.986	0.000	0.100	0.100	767.122	376.800	0.000	0.000	831.204	0.000	0.000	0.000	1.000	-18.900	-34.900	25.600	367.500	89.300
3730818270.714	292.625	292.826	292.538	0.000	292.520	0.000	292.477	292.344	0.000	155.000	166.000	0.000	0.000	0.000	0.000	292.537	0.000	0.000	0.000	0.000	-0.142	3.876	3.719	1.500	-376.800	93.125	0.000	0.100	0.100	760.085	376.800	0.000	0.000	851.773	0.000	0.000	0.000	1.000	-18.900	-36.000	29.000	366.200	90.000
3730818272.714	292.626	292.824	292.535	0.000	292.526	0.000	292.480	292.350	0.000	155.000	166.000	0.000	0.000	0.000	0.000	292.531	0.000	0.000	0.000	0.000	0.161	1.305	1.149	1.500	-376.800	93.171	0.000	0.100	0.100	764.776	376.800	0.000	0.000	869.770	0.000	0.000	0.000	1.000	-18.900	-35.400	32.000	369.400	92.500
3730818274.714	292.631	292.830	292.544	0.000	292.531	0.000	292.484	292.347	0.000	155.000	166.000	0.000	0.000	0.000	0.000	292.543	0.000	0.000	0.000	0.000	0.464	-1.266	6.290	1.500	-376.800	93.217	0.000	0.100	0.100	755.393	376.800	0.000	0.000	865.142	0.000	0.000	0.000	1.000	-17.800	-36.000	33.800	367.500	88.000
3730818276.713	292.625	292.823	292.535	0.000	292.517	0.000	292.482	292.345	0.000	155.000	166.000	0.000	0.000	0.000	0.000	292.526	0.000	0.000	0.000	0.000	-0.142	-1.266	3.719	1.530	-376.800	93.217	0.000	0.100	0.100	760.085	376.800	0.000	0.000	829.148	0.000	0.000	0.000	1.000	-17.800	-36.500	35.000	368.100	89.300
3730818278.713	292.622	292.815	292.520	0.000	292.512	0.000	292.477	292.345	0.000	155.000	166.000	0.000	0.000	0.000	0.000	292.522	0.000	0.000	0.000	0.000	0.161	-1.266	3.719	1.470	-376.800	93.448	0.000	0.100	0.100	761.649	376.800	0.000	0.000	835.832	0.000	0.000	0.000	1.000	-18.400	-38.300	36.600	359.800	90.000
3730818280.713	292.625	292.830	292.539	0.000	292.523	0.000	292.474	292.353	0.000	155.000	166.000	0.000	0.000	0.000	0.000	292.540	0.000	0.000	0.000	0.000	-0.142	1.305	1.149	1.470	-376.800	93.123	0.000	0.100	0.100	756.957	376.800	0.000	0.000	854.344	0.000	0.000	0.000	1.000	-17.800	-37.100	39.200	366.200	92.500
3730818282.715	292.631	292.835	292.551	0.000	292.523	0.000	292.488	292.357	0.000	155.000	166.000	0.000	0.000	0.000	0.000	292.530	0.000	0.000	0.000	0.000	-0.142	3.876	-1.422	1.470	-376.800	93.401	0.000	0.100	0.100	761.649	376.800	0.000	0.000	873.883	0.000	0.000	0.000	1.000	-17.800	-37.100	41.100	367.500	91.200
3730818284.715	292.622	292.830	292.534	0.000	292.532	0.000	292.479	292.349	0.000	155.000	166.000	0.000	0.000	0.000	0.000	292.543	0.000	0.000	0.000	0.000	-0.142	3.876	1.149	1.470	-376.800	92.613	0.000	0.100	0.100	756.957	376.800	0.000	0.000	858.971	0.000	0.000	0.000	1.000	-17.800	-37.700	42.300	359.800	89.300
3730818286.715	292.625	292.833	292.535	0.000	292.519	0.000	292.477	292.349	0.000	155.000	166.000	0.000	0.000	0.000	0.000	292.524	0.000	0.000	0.000	0.000	0.161	-1.266	1.149	1.470	-376.800	92.567	0.000	0.100	0.100	762.431	376.800	0.000	0.000	824.005	0.000	0.000	0.000	1.000	-17.800	-38.300	43.600	361.700	88.700
3730818288.714	292.627	292.824	292.536	0.000	292.530	0.000	292.477	292.352	0.000	155.000	166.000	0.000	0.000	0.000	0.000	292.529	0.000	0.000	0.000	0.000	-0.142	1.305	3.719	1.530	-376.800	93.262	0.000	0.100	0.100	755.394	376.800	0.000	0.000	839.432	0.000	0.000	0.000	1.000	-18.400	-38.800	44.800	353.500	89.300
3730818290.714	292.621	292.819	292.535	0.000	292.517	0.000	292.470	292.345	0.000	155.000	166.000	0.000	0.000	0.000	0.000	292.527	0.000	0.000	0.000	0.000	0.161	1.305	-1.422	1.500	-376.800	92.984	0.000	0.100	0.100	760.085	376.800	0.000	0.000	858.971	0.000	0.000	0.000	1.000	-17.800	-37.700	46.700	354.100	91.200
3730818292.714	292.624	292.826	292.532	0.000	292.523	0.000	292.477	292.351	0.000	155.000	166.000	0.000	0.000	0.000	0.000	292.532	0.000	0.000	0.000	0.000	-0.142	1.305	-1.422	1.500	-376.800	92.845	0.000	0.100	0.100	753.830	376.800	0.000	0.000	877.483	0.000	0.000	0.000	1.000	-18.900	-38.800	48.000	359.200	89.300
3730818294.715	292.623	292.822	292.541	0.000	292.516	0.000	292.473	292.348	0.000	155.000	166.000	0.000	0.000	0.000	0.000	292.523	0.000	0.000	0.000	0.000	0.161	3.876	1.149	1.500	-376.800	92.799	0.000	0.100	0.100	760.085	376.800	0.000	0.000	852.287	0.000	0.000	0.000	1.000	-17.800	-38.800	49.500	354.700	89.300
3730818296.714	292.630	292.831	292.535	0.000	292.532	0.000	292.480	292.352	0.000	155.000	166.000	0.000	0.000	0.000	0.000	292.527	0.000	0.000	0.000	0.000	-0.142	1.305	1.149	1.500	-376.800	92.521	0.000	0.100	0.100	764.777	376.800	0.000	0.000	824.520	0.000	0.000	0.000	1.000	-18.900	-38.800	51.200	347.100	90.000
3730818298.714	292.613	292.831	292.541	0.000	292.529	0.000	292.492	292.352	0.000	155.000	166.000	0.000	0.000	0.000	0.000	292.527	0.000	0.000	0.000	0.000	0.161	-1.266	1.149	1.470	-376.800	93.310	0.000	0.100	0.100	760.867	376.800	0.000	0.000	843.545	0.000	0.000	0.000	1.000	-17.800	-38.800	52.200	351.500	89.300
3730818300.714	292.627	292.827	292.534	0.000	292.525	0.000	292.479	292.350	0.000	155.000	166.000	0.000	0.000	0.000	0.000	292.526	0.000	0.000	0.000	0.000	-0.142	1.305	1.149	1.500	-376.800	93.264	0.000	0.100	0.100	761.649	376.800	0.000	0.000	862.571	0.000	0.000	0.000	1.000	-18.900	-38.800	53.800	346.400	91.900
3730818302.715	292.624	292.832	292.535	0.000	292.525	0.000	292.483	292.356	0.000	155.000	166.000	0.000	0.000	0.000	0.000	292.541	0.000	0.000	0.000	0.000	-0.142	1.305	3.719	1.530	-376.800	92.939	0.000	0.100	0.100	758.521	376.800	0.000	0.000	881.082	0.000	0.000	0.000	1.000	-17.800	-38.300	55.000	351.500	93.800
3730818304.713	292.638	292.832	292.556	0.000	292.534	0.000	292.494	292.355	0.000	155.000	166.000	0.000	0.000	0.000	0.000	292.539	0.000	0.000	0.000	0.000	-0.142	-1.266	1.149	1.500	-376.800	93.774	0.000	0.100	0.100	758.521	376.800	0.000	0.000	845.088	0.000	0.000	0.000	1.000	-17.800	-38.300	55.800	349.600	91.900
3730818306.713	292.636	292.826	292.544	0.000	292.523	0.000	292.492	292.351	0.000	155.000	166.000	0.000	0.000	0.000	0.000	292.535	0.000	0.000	0.000	0.000	-0.142	1.305	3.719	1.470	-376.800	92.847	0.000	0.100	0.100	763.213	376.800	0.000	0.000	828.633	0.000	0.000	0.000	1.000	-17.800	-38.300	57.300	345.200	89.300
3730818308.715	292.626	292.832	292.536	0.000	292.522	0.000	292.486	292.355	0.000	155.000	166.000	0.000	0.000	0.000	0.000	292.536	0.000	0.000	0.000	0.000	0.161	-1.266	-1.422	1.530	-376.800	93.125	0.000	0.100	0.100	760.867	376.800	0.000	0.000	848.173	0.000	0.000	0.000	1.000	-17.400	-38.300	58.400	348.300	93.800
3730818310.714	292.635	292.824	292.543	0.000	292.523	0.000	292.491	292.347	0.000	155.000	166.000	0.000	0.000	0.000	0.000	292.540	0.000	0.000	0.000	0.000	0.161	1.305	1.149	1.500	-376.800	93.171	0.000	0.100	0.100	751.484	376.800	0.000	0.000	866.170	0.000	0.000	0.000	1.000	-17.800	-38.300	59.200	347.100	93.800
3730818312.714	292.625	292.828	292.530	0.000	292.518	0.000	292.485	292.350	0.000	155.000	166.000	0.000	0.000	0.000	0.000	292.527	0.000	0.000	0.000	0.000	0.161	3.876	1.149	1.500	-376.800	92.985	0.000	0.100	0.100	759.303	376.800	0.000	0.000	874.398	0.000	0.000	0.000	1.000	-18.400	-38.800	60.000	340.700	93.800
3730818314.714	292.626	292.816	292.533	0.000	292.514	0.000	292.480	292.349	0.000	155.000	166.000	0.000	0.000	0.000	0.000	292.535	0.000	0.000	0.000	0.000	-0.142	-1.266	3.719	1.500	-376.800	92.892	0.000	0.100	0.100	755.394	376.800	0.000	0.000	838.917	0.000	0.000	0.000	1.000	-17.800	-38.300	60.600	342.000	92.500
3730818316.715	292.635	292.828	292.542	0.000	292.521	0.000	292.484	292.353	0.000	155.000	166.000	0.000	0.000	0.000	0.000	292.538	0.000	0.000	0.000	0.000	-0.142	3.876	3.719	1.500	-376.800	92.846	0.000	0.100	0.100	760.867	376.800	0.000	0.000	833.261	0.000	0.000	0.000	1.000	-17.800	-38.800	61.100	343.200	91.200
3730818318.714	292.635	292.837	292.544	0.000	292.523	0.000	292.487	292.349	0.000	155.000	166.000	0.000	0.000	0.000	0.000	292.535	0.000	0.000	0.000	0.000	0.464	1.305	3.719	1.470	-376.800	92.799	0.000	0.100	0.100	756.958	376.800	0.000	0.000	851.773	0.000	0.000	0.000	1.000	-18.900	-39.400	62.500	339.400	94.400
3730818320.713	292.631	292.835	292.540	0.000	292.529	0.000	292.487	292.349	0.000	155.000	166.000	0.000	0.000	0.000	0.000	292.544	0.000	0.000	0.000	0.000	-0.142	-1.266	1.149	1.500	-376.800	92.984	0.000	0.100	0.100	753.048	376.800	0.000	0.000	869.255	0.000	0.000	0.000	1.000	-17.800	-38.300	62.900	336.900	89.300
3730818322.714	292.628	292.831	292.541	0.000	292.521	0.000	292.485	292.345	0.000	155.000	166.000	0.000	0.000	0.000	0.000	292.541	0.000	0.000	0.000	0.000	-0.142	-1.266	3.719	1.530	-376.800	92.984	0.000	0.100	0.100	754.612	376.800	0.000	0.000	866.684	0.000	0.000	0.000	1.000	-17.400	-38.300	63.200	336.200	90.000
3730818324.715	292.626	292.829	292.527	0.000	292.516	0.000	292.483	292.351	0.000	155.000	166.000	0.000	0.000	0.000	0.000	292.528	0.000	0.000	0.000	0.000	-0.142	1.305	1.149	1.530	-376.800	93.076	0.000	0.100	0.100	762.431	376.800	0.000	0.000	832.233	0.000	0.000	0.000	1.000	-18.400	-38.800	64.300	333.700	93.100
3730818326.715	292.637	292.826	292.529	0.000	292.527	0.000	292.480	292.357	0.000	155.000	166.000	0.000	0.000	0.000	0.000	292.536	0.000	0.000	0.000	0.000	0.464	-1.266	3.719	1.500	-376.800	92.891	0.000	0.100	0.100	760.867	376.800	0.000	0.000	835.832	0.000	0.000	0.000	1.000	-17.800	-38.300	64.700	333.700	93.800
3730818328.715	292.640	292.833	292.541	0.000	292.527	0.000	292.484	292.346	0.000	155.000	166.000	0.000	0.000	0.000	0.000	292.540	0.000	0.000	0.000	0.000	-0.142	3.876	1.149	1.500	-376.800	92.613	0.000	0.100	0.100	755.394	376.800	0.000	0.000	854.858	0.000	0.000	0.000	1.000	-17.800	-38.800	65.400	335.600	61.200
3730818330.714	292.634	292.832	292.547	0.000	292.519	0.000	292.478	292.344	0.000	155.000	166.000	0.000	0.000	0.000	0.000	292.545	0.000	0.000	0.000	0.000	-0.142	1.305	1.149	1.470	-376.800	92.660	0.000	0.100	0.100	763.994	376.800	0.000	0.000	873.369	0.000	0.000	0.000	1.000	-17.800	-38.800	67.600	377.100	36.400
3730818332.715	292.619	292.824	292.526	0.000	292.509	0.000	292.469	292.341	0.000	155.000	166.000	0.000	0.000	0.000	0.000	292.535	0.000	0.000	0.000	0.000	-0.142	1.305	1.149	1.470	-376.800	92.568	0.000	0.100	0.100	760.867	376.800	0.000	0.000	860.000	0.000	0.000	0.000	1.000	-17.800	-38.300	72.700	396.800	27.400
3730818334.713	292.611	292.833	292.534	0.000	292.507	0.000	292.474	292.337	0.000	155.000	166.000	0.000	0.000	0.000	0.000	292.531	0.000	0.000	0.000	0.000	0.161	1.305	3.719	1.530	-376.800	92.985	0.000	0.100	0.100	760.867	376.800	0.000	0.000	825.548	0.000	0.000	0.000	1.000	-17.800	-37.100	78.500	373.900	23.000
3730818336.714	292.624	292.837	292.540	0.000	292.527	0.000	292.475	292.348	0.000	155.000	166.000	0.000	0.000	0.000	0.000	292.543	0.000	0.000	0.000	0.000	-0.142	1.305	1.149	1.500	-376.800	93.032	0.000	0.100	0.100	759.304	376.800	0.000	0.000	839.432	0.000	0.000	0.000	1.000	-17.800	-36.500	85.000	391.700	20.400
3730818338.713	292.610	292.832	292.535	0.000	292.519	0.000	292.471	292.340	0.000	155.000	166.000	0.000	0.000	0.000	0.000	292.540	0.000	0.000	0.000	0.000	-0.445	1.305	1.149	1.500	-376.800	93.542	0.000	0.100	0.100	757.739	376.800	0.000	0.000	858.457	0.000	0.000	0.000	1.000	-17.800	-36.000	90.600	385.400	17.900
3730818340.713	292.615	292.839	292.534	0.000	292.515	0.000	292.462	292.345	0.000	155.000	166.000	0.000	0.000	0.000	0.000	292.530	0.000	0.000	0.000	0.000	-0.142	1.305	1.149	1.470	-376.800	93.264	0.000	0.100	0.100	761.649	376.800	0.000	0.000	876.454	0.000	0.000	0.000	1.000	-17.800	-34.300	95.500	384.700	19.100
3730818342.714	292.619	292.835	292.537	0.000	292.519	0.000	292.465	292.340	0.000	155.000	166.000	0.000	0.000	0.000	0.000	292.533	0.000	0.000	0.000	0.000	0.161	-1.266	6.290	1.500	-376.800	92.801	0.000	0.100	0.100	763.995	376.800	0.000	0.000	853.315	0.000	0.000	0.000	1.000	-17.800	-33.800	101.100	392.400	17.200
3730818344.715	292.609	292.835	292.526	0.000	292.524	0.000	292.464	292.345	0.000	155.000	166.000	0.000	0.000	0.000	0.000	292.537	0.000	0.000	0.000	0.000	0.464	1.305	1.149	1.470	-376.800	92.615	0.000	0.100	0.100	761.649	376.800	0.000	0.000	824.005	0.000	0.000	0.000	1.000	-17.800	-33.200	104.200	379.000	17.900
3730818346.714	292.613	292.837	292.538	0.000	292.509	0.000	292.459	292.331	0.000	155.000	166.000	0.000	0.000	0.000	0.000	292.539	0.000	0.000	0.000	0.000	-0.142	3.876	3.719	1.470	-376.800	92.939	0.000	0.100	0.100	768.686	376.800	0.000	0.000	844.059	0.000	0.000	0.000	1.000	-17.800	-32.700	106.900	392.400	18.500
3730818348.714	292.614	292.829	292.537	0.000	292.518	0.000	292.463	292.338	0.000	155.000	166.000	0.000	0.000	0.000	0.000	292.526	0.000	0.000	0.000	0.000	-0.142	1.305	3.719	1.500	-376.800	92.753	0.000	0.100	0.100	767.904	376.800	0.000	0.000	862.057	0.000	0.000	0.000	1.000	-17.800	-32.100	109.300	381.500	18.500
3730818350.714	292.618	292.843	292.545	0.000	292.517	0.000	292.468	292.351	0.000	155.000	166.000	0.000	0.000	0.000	0.000	292.540	0.000	0.000	0.000	0.000	-0.142	-1.266	1.149	1.530	-376.800	92.984	0.000	0.100	0.100	758.521	376.800	0.000	0.000	879.025	0.000	0.000	0.000	1.000	-17.800	-32.100	111.300	372.000	18.500
3730818352.715	292.619	292.836	292.545	0.000	292.513	0.000	292.463	292.348	0.000	155.000	166.000	0.000	0.000	0.000	0.000	292.538	0.000	0.000	0.000	0.000	-0.142	1.305	1.149	1.470	-376.800	92.428	0.000	0.100	0.100	759.303	376.800	0.000	0.000	846.116	0.000	0.000	0.000	1.000	-17.800	-32.100	112.900	364.300	19.800
3730818354.715	292.604	292.836	292.534	0.000	292.505	0.000	292.463	292.336	0.000	155.000	166.000	0.000	0.000	0.000	0.000	292.533	0.000	0.000	0.000	0.000	-0.142	1.305	1.149	1.500	-376.800	92.567	0.000	0.100	0.100	760.867	376.800	0.000	0.000	827.091	0.000	0.000	0.000	1.000	-17.800	-32.100	114.600	363.700	18.500
3730818356.714	292.603	292.831	292.536	0.000	292.507	0.000	292.468	292.346	0.000	155.000	166.000	0.000	0.000	0.000	0.000	292.531	0.000	0.000	0.000	0.000	-0.142	1.305	6.290	1.530	-376.800	92.613	0.000	0.100	0.100	753.048	376.800	0.000	0.000	846.630	0.000	0.000	0.000	1.000	-17.800	-32.100	115.400	366.200	20.400
3730818358.714	292.624	292.849	292.543	0.000	292.511	0.000	292.468	292.360	0.000	155.000	166.000	0.000	0.000	0.000	0.000	292.543	0.000	0.000	0.000	0.000	0.161	1.305	1.149	1.470	-376.800	92.706	0.000	0.100	0.100	753.048	376.800	0.000	0.000	865.142	0.000	0.000	0.000	1.000	-17.800	-32.100	116.300	368.800	21.100
3730818360.713	292.626	292.850	292.547	0.000	292.512	0.000	292.467	292.347	0.000	155.000	166.000	0.000	0.000	0.000	0.000	292.541	0.000	0.000	0.000	0.000	-0.142	1.305	8.861	1.470	-376.800	93.308	0.000	0.100	0.100	757.739	376.800	0.000	0.000	874.912	0.000	0.000	0.000	1.000	-17.800	-32.700	116.800	371.300	19.800
3730818362.715	292.617	292.848	292.536	0.000	292.514	0.000	292.464	292.340	0.000	155.000	166.000	0.000	0.000	0.000	0.000	292.544	0.000	0.000	0.000	0.000	0.161	-1.266	3.719	1.500	-376.800	92.752	0.000	0.100	0.100	763.213	376.800	0.000	0.000	839.946	0.000	0.000	0.000	1.000	-17.800	-32.700	117.500	366.900	21.100
3730818364.715	292.614	292.839	292.539	0.000	292.513	0.000	292.469	292.345	0.000	155.000	166.000	0.000	0.000	0.000	0.000	292.530	0.000	0.000	0.000	0.000	0.464	1.305	1.149	1.470	-376.800	92.984	0.000	0.100	0.100	753.048	376.800	0.000	0.000	831.719	0.000	0.000	0.000	1.000	-17.800	-33.200	117.700	352.800	21.700
3730818366.714	292.613	292.844	292.536	0.000	292.510	0.000	292.456	292.351	0.000	155.000	166.000	0.000	0.000	0.000	0.000	292.522	0.000	0.000	0.000	0.000	0.161	1.305	-1.422	1.500	-376.800	92.613	0.000	0.100	0.100	761.649	376.800	0.000	0.000	850.230	0.000	0.000	0.000	1.000	-17.800	-33.200	118.200	356.600	19.800
3730818368.713	292.615	292.847	292.541	0.000	292.518	0.000	292.457	292.349	0.000	155.000	166.000	0.000	0.000	0.000	0.000	292.542	0.000	0.000	0.000	0.000	-0.445	-1.266	3.719	1.470	-376.800	92.474	0.000	0.100	0.100	765.558	376.800	0.000	0.000	869.255	0.000	0.000	0.000	1.000	-17.800	-33.800	118.900	350.900	21.700
3730818370.713	292.615	292.849	292.533	0.000	292.518	0.000	292.472	292.354	0.000	155.000	166.000	0.000	0.000	0.000	0.000	292.548	0.000	0.000	0.000	0.000	-0.142	3.876	3.719	1.500	-376.800	93.587	0.000	0.100	0.100	757.739	376.800	0.000	0.000	868.741	0.000	0.000	0.000	1.000	-17.800	-34.300	119.100	346.400	19.800
3730818372.714	292.627	292.846	292.548	0.000	292.512	0.000	292.471	292.354	0.000	155.000	166.000	0.000	0.000	0.000	0.000	292.543	0.000	0.000	0.000	0.000	-0.142	-1.266	1.149	1.530	-376.800	92.660	0.000	0.100	0.100	756.175	376.800	0.000	0.000	833.261	0.000	0.000	0.000	1.000	-17.800	-34.300	119.500	371.300	22.300
3730818374.714	292.618	292.842	292.534	0.000	292.506	0.000	292.467	292.343	0.000	155.000	166.000	0.000	0.000	0.000	0.000	292.549	0.000	0.000	0.000	0.000	0.161	-1.266	1.149	1.530	-376.800	93.216	0.000	0.100	0.100	757.739	376.800	0.000	0.000	835.832	0.000	0.000	0.000	1.000	-17.800	-34.300	119.700	344.500	19.800
3730818376.714	292.616	292.847	292.543	0.000	292.521	0.000	292.467	292.352	0.000	155.000	166.000	0.000	0.000	0.000	0.000	292.544	0.000	0.000	0.000	0.000	-0.142	6.446	6.290	1.470	-376.800	92.985	0.000	0.100	0.100	755.393	376.800	0.000	0.000	854.344	0.000	0.000	0.000	1.000	-17.800	-34.300	119.700	348.300	21.700
3730818378.714	292.617	292.851	292.546	0.000	292.516	0.000	292.464	292.343	0.000	155.000	166.000	0.000	0.000	0.000	0.000	292.549	0.000	0.000	0.000	0.000	-0.445	-1.266	1.149	1.500	-376.800	92.568	0.000	0.100	0.100	756.175	376.800	0.000	0.000	872.341	0.000	0.000	0.000	1.000	-17.800	-34.300	120.000	343.200	21.700
3730818380.713	292.615	292.843	292.538	0.000	292.510	0.000	292.470	292.338	0.000	155.000	166.000	0.000	0.000	0.000	0.000	292.552	0.000	0.000	0.000	0.000	0.464	1.305	1.149	1.500	-376.800	92.800	0.000	0.100	0.100	756.957	376.800	0.000	0.000	861.028	0.000	0.000	0.000	1.000	-17.800	-34.300	120.600	333.700	22.300
3730818382.714	292.613	292.848	292.539	0.000	292.507	0.000	292.466	292.349	0.000	155.000	166.000	0.000	0.000	0.000	0.000	292.538	0.000	0.000	0.000	0.000	-0.142	1.305	-1.422	1.470	-376.800	92.615	0.000	0.100	0.100	758.521	376.800	0.000	0.000	826.062	0.000	0.000	0.000	1.000	-17.800	-34.900	120.800	338.100	22.300
3730818384.713	292.608	292.864	292.543	0.000	292.521	0.000	292.467	292.352	0.000	155.000	166.000	0.000	0.000	0.000	0.000	292.551	0.000	0.000	0.000	0.000	0.161	1.305	-1.422	1.500	-376.800	92.986	0.000	0.100	0.100	765.559	376.800	0.000	0.000	838.917	0.000	0.000	0.000	1.000	-17.800	-34.900	121.100	333.700	19.800
3730818386.714	292.616	292.859	292.537	0.000	292.512	0.000	292.457	292.352	0.000	155.000	166.000	0.000	0.000	0.000	0.000	292.545	0.000	0.000	0.000	0.000	-0.142	1.305	3.719	1.530	-376.800	92.800	0.000	0.100	0.100	757.740	376.800	0.000	0.000	856.915	0.000	0.000	0.000	1.000	-17.800	-34.900	121.400	342.000	20.400
3730818388.714	292.622	292.864	292.549	0.000	292.513	0.000	292.464	292.346	0.000	155.000	166.000	0.000	0.000	0.000	0.000	292.548	0.000	0.000	0.000	0.000	-0.142	-1.266	3.719	1.442	-376.800	92.522	0.000	0.100	0.100	759.303	376.800	0.000	0.000	875.426	0.000	0.000	0.000	1.000	-17.800	-34.900	121.700	330.500	20.400
3730818390.715	292.620	292.857	292.552	0.000	292.514	0.000	292.464	292.348	0.000	155.000	166.000	0.000	0.000	0.000	0.000	292.556	0.000	0.000	0.000	0.000	0.161	1.305	1.149	1.500	-376.800	92.893	0.000	0.100	0.100	759.303	376.800	0.000	0.000	854.344	0.000	0.000	0.000	1.000	-17.800	-34.900	122.000	330.500	23.000
3730818392.714	292.618	292.868	292.548	0.000	292.518	0.000	292.470	292.361	0.000	155.000	166.000	0.000	0.000	0.000	0.000	292.555	0.000	0.000	0.000	0.000	-0.445	3.876	1.149	1.530	-376.800	92.615	0.000	0.100	0.100	763.213	376.800	0.000	0.000	822.977	0.000	0.000	0.000	1.000	-17.800	-34.900	122.500	338.800	23.000
3730818394.714	292.614	292.861	292.546	0.000	292.511	0.000	292.470	292.351	0.000	155.000	166.000	0.000	0.000	0.000	0.000	292.551	0.000	0.000	0.000	0.000	-0.142	1.305	-1.422	1.500	-376.800	93.078	0.000	0.100	0.100	760.868	376.800	0.000	0.000	842.517	0.000	0.000	0.000	1.000	-17.800	-35.400	122.800	333.700	20.400
3730818396.714	292.616	292.869	292.540	0.000	292.520	0.000	292.474	292.361	0.000	155.000	166.000	0.000	0.000	0.000	0.000	292.559	0.000	0.000	0.000	0.000	-0.142	-1.266	3.719	1.530	-376.800	93.217	0.000	0.100	0.100	759.303	376.800	0.000	0.000	861.028	0.000	0.000	0.000	1.000	-17.800	-35.400	123.100	351.500	23.000
3730818398.714	292.615	292.853	292.537	0.000	292.515	0.000	292.464	292.343	0.000	155.000	166.000	0.000	0.000	0.000	0.000	292.558	0.000	0.000	0.000	0.000	-0.142	-1.266	3.719	1.470	-376.800	92.753	0.000	0.100	0.100	749.139	376.800	0.000	0.000	879.025	0.000	0.000	0.000	1.000	-17.800	-35.400	123.300	322.200	23.000
3730818400.714	292.609	292.847	292.533	0.000	292.511	0.000	292.463	292.343	0.000	155.000	166.000	0.000	0.000	0.000	0.000	292.545	0.000	0.000	0.000	0.000	0.161	-1.266	3.719	1.530	-376.800	93.078	0.000	0.100	0.100	757.739	376.800	0.000	0.000	848.687	0.000	0.000	0.000	1.000	-17.800	-35.400	123.900	341.300	20.400
3730818402.715	292.617	292.859	292.541	0.000	292.507	0.000	292.462	292.350	0.000	155.000	166.000	0.000	0.000	0.000	0.000	292.544	0.000	0.000	0.000	0.000	-0.142	-1.266	1.149	1.470	-376.800	93.495	0.000	0.100	0.100	762.431	376.800	0.000	0.000	827.091	0.000	0.000	0.000	1.000	-17.800	-35.400	124.200	341.300	22.300
3730818404.714	292.611	292.851	292.541	0.000	292.512	0.000	292.470	292.351	0.000	155.000	166.000	0.000	0.000	0.000	0.000	292.554	0.000	0.000	0.000	0.000	-0.142	-1.266	6.290	1.500	-376.800	92.799	0.000	0.100	0.100	756.958	376.800	0.000	0.000	846.116	0.000	0.000	0.000	1.000	-17.800	-35.400	124.700	323.500	23.000
3730818406.715	292.614	292.864	292.558	0.000	292.523	0.000	292.468	292.363	0.000	155.000	166.000	0.000	0.000	0.000	0.000	292.554	0.000	0.000	0.000	0.000	-0.142	1.305	1.149	1.500	-376.800	92.660	0.000	0.100	0.100	761.649	376.800	0.000	0.000	864.113	0.000	0.000	0.000	1.000	-17.800	-36.000	125.000	330.500	22.300
3730818408.714	292.632	292.859	292.547	0.000	292.522	0.000	292.476	292.364	0.000	155.000	166.000	0.000	0.000	0.000	0.000	292.555	0.000	0.000	0.000	0.000	0.464	3.876	1.149	1.470	-376.800	92.752	0.000	0.100	0.100	761.649	376.800	0.000	0.000	875.940	0.000	0.000	0.000	1.000	-17.800	-36.000	125.300	340.100	22.300
3730818410.714	292.619	292.854	292.544	0.000	292.517	0.000	292.473	292.355	0.000	155.000	166.000	0.000	0.000	0.000	0.000	292.556	0.000	0.000	0.000	0.000	0.161	3.876	3.719	1.470	-376.800	92.984	0.000	0.100	0.100	761.649	376.800	0.000	0.000	840.974	0.000	0.000	0.000	1.000	-17.800	-36.000	125.500	315.800	21.100
3730818412.715	292.621	292.864	292.544	0.000	292.526	0.000	292.477	292.354	0.000	155.000	166.000	0.000	0.000	0.000	0.000	292.560	0.000	0.000	0.000	0.000	-0.142	1.305	6.290	1.500	-376.800	92.798	0.000	0.100	0.100	753.048	376.800	0.000	0.000	831.204	0.000	0.000	0.000	1.000	-17.800	-36.000	126.100	320.900	21.100
3730818414.713	292.622	292.863	292.552	0.000	292.517	0.000	292.476	292.358	0.000	155.000	166.000	0.000	0.000	0.000	0.000	292.561	0.000	0.000	0.000	0.000	0.161	-1.266	3.719	1.500	-376.800	93.123	0.000	0.100	0.100	760.085	376.800	0.000	0.000	850.230	0.000	0.000	0.000	1.000	-17.800	-35.400	126.400	310.100	22.300
3730818416.714	292.633	292.862	292.556	0.000	292.522	0.000	292.474	292.365	0.000	155.000	166.000	0.000	0.000	0.000	0.000	292.565	0.000	0.000	0.000	0.000	-0.142	-1.266	1.149	1.442	-376.800	92.798	0.000	0.100	0.100	763.213	376.800	0.000	0.000	868.227	0.000	0.000	0.000	1.000	-17.800	-36.000	126.600	330.500	22.300
3730818418.714	292.626	292.860	292.548	0.000	292.520	0.000	292.473	292.356	0.000	155.000	166.000	0.000	0.000	0.000	0.000	292.558	0.000	0.000	0.000	0.000	-0.142	-1.266	3.719	1.500	-376.800	92.845	0.000	0.100	0.100	753.048	376.800	0.000	0.000	869.770	0.000	0.000	0.000	1.000	-17.800	-35.400	127.200	313.300	21.100
3730818420.714	292.629	292.864	292.557	0.000	292.529	0.000	292.481	292.365	0.000	155.000	166.000	0.000	0.000	0.000	0.000	292.572	0.000	0.000	0.000	0.000	0.161	3.876	1.149	1.500	-376.800	92.706	0.000	0.100	0.100	759.303	376.800	0.000	0.000	834.290	0.000	0.000	0.000	1.000	-17.800	-35.400	127.200	303.700	23.000
3730818422.714	292.628	292.855	292.554	0.000	292.512	0.000	292.482	292.361	0.000	155.000	166.000	0.000	0.000	0.000	0.000	292.563	0.000	0.000	0.000	0.000	0.161	6.446	1.149	1.500	-376.800	92.845	0.000	0.100	0.100	763.994	376.800	0.000	0.000	834.290	0.000	0.000	0.000	1.000	-17.800	-35.400	127.500	315.200	23.000
3730818424.714	292.634	292.868	292.563	0.000	292.523	0.000	292.485	292.361	0.000	155.000	166.000	0.000	0.000	0.000	0.000	292.569	0.000	0.000	0.000	0.000	0.161	-1.266	1.149	1.500	-376.800	93.262	0.000	0.100	0.100	765.558	376.800	0.000	0.000	853.829	0.000	0.000	0.000	1.000	-17.800	-36.000	127.700	313.300	22.300
3730818426.714	292.613	292.857	292.552	0.000	292.509	0.000	292.472	292.362	0.000	155.000	166.000	0.000	0.000	0.000	0.000	292.570	0.000	0.000	0.000	0.000	-0.142	3.876	1.149	1.530	-376.800	93.448	0.000	0.100	0.100	760.867	376.800	0.000	0.000	871.312	0.000	0.000	0.000	1.000	-17.800	-36.000	128.300	310.700	21.700
3730818428.714	292.621	292.855	292.554	0.000	292.512	0.000	292.480	292.366	0.000	155.000	166.000	0.000	0.000	0.000	0.000	292.564	0.000	0.000	0.000	0.000	-0.142	-1.266	1.149	1.500	-376.800	92.614	0.000	0.100	0.100	755.394	376.800	0.000	0.000	863.599	0.000	0.000	0.000	1.000	-17.800	-35.400	128.500	305.600	23.000
3730818430.715	292.618	292.860	292.547	0.000	292.524	0.000	292.476	292.361	0.000	155.000	166.000	0.000	0.000	0.000	0.000	292.572	0.000	0.000	0.000	0.000	0.161	-1.266	-1.422	1.500	-376.800	92.521	0.000	0.100	0.100	760.085	376.800	0.000	0.000	828.119	0.000	0.000	0.000	1.000	-17.400	-35.400	128.800	308.800	22.300
3730818432.714	292.616	292.854	292.542	0.000	292.519	0.000	292.469	292.356	0.000	155.000	166.000	0.000	0.000	0.000	0.000	292.558	0.000	0.000	0.000	0.000	-0.142	3.876	-1.422	1.500	-376.800	92.429	0.000	0.100	0.100	764.777	376.800	0.000	0.000	838.403	0.000	0.000	0.000	1.000	-17.800	-36.000	129.400	293.500	22.300
3730818434.714	292.621	292.863	292.542	0.000	292.514	0.000	292.481	292.360	0.000	155.000	166.000	0.000	0.000	0.000	0.000	292.569	0.000	0.000	0.000	0.000	-0.142	1.305	3.719	1.470	-376.800	93.031	0.000	0.100	0.100	753.048	376.800	0.000	0.000	856.915	0.000	0.000	0.000	1.000	-17.800	-35.400	129.400	306.200	23.000
3730818436.714	292.629	292.854	292.549	0.000	292.519	0.000	292.477	292.370	0.000	155.000	166.000	0.000	0.000	0.000	0.000	292.571	0.000	0.000	0.000	0.000	-0.142	3.876	3.719	1.500	-376.800	92.846	0.000	0.100	0.100	760.085	376.800	0.000	0.000	874.912	0.000	0.000	0.000	1.000	-17.800	-35.400	129.600	289.700	23.000
3730818438.715	292.629	292.860	292.553	0.000	292.520	0.000	292.484	292.365	0.000	155.000	166.000	0.000	0.000	0.000	0.000	292.575	0.000	0.000	0.000	0.000	0.161	-1.266	3.719	1.470	-376.800	92.986	0.000	0.100	0.100	756.957	376.800	0.000	0.000	855.886	0.000	0.000	0.000	1.000	-17.800	-35.400	129.900	295.400	23.000
3730818440.714	292.614	292.849	292.542	0.000	292.509	0.000	292.481	292.359	0.000	155.000	166.000	0.000	0.000	0.000	0.000	292.567	0.000	0.000	0.000	0.000	0.161	1.305	3.719	1.470	-376.800	92.893	0.000	0.100	0.100	762.431	376.800	0.000	0.000	822.463	0.000	0.000	0.000	1.000	-17.800	-34.900	130.400	290.300	21.700
3730818442.714	292.623	292.848	292.559	0.000	292.510	0.000	292.478	292.369	0.000	155.000	166.000	0.000	0.000	0.000	0.000	292.564	0.000	0.000	0.000	0.000	0.161	-1.266	1.149	1.500	-376.800	92.754	0.000	0.100	0.100	767.904	376.800	0.000	0.000	842.003	0.000	0.000	0.000	1.000	-17.800	-34.900	130.700	289.700	23.000
3730818444.714	292.617	292.844	292.547	0.000	292.502	0.000	292.467	292.355	0.000	155.000	166.000	0.000	0.000	0.000	0.000	292.556	0.000	0.000	0.000	0.000	0.161	-1.266	3.719	1.500	-376.800	93.542	0.000	0.100	0.100	755.393	376.800	0.000	0.000	861.028	0.000	0.000	0.000	1.000	-17.800	-34.900	130.700	299.900	22.300
3730818446.715	292.614	292.850	292.538	0.000	292.517	0.000	292.481	292.362	0.000	155.000	166.000	0.000	0.000	0.000	0.000	292.567	0.000	0.000	0.000	0.000	0.161	1.305	6.290	1.500	-376.800	92.708	0.000	0.100	0.100	762.431	376.800	0.000	0.000	877.997	0.000	0.000	0.000	1.000	-17.400	-34.900	130.900	292.800	19.800
3730818448.715	292.624	292.852	292.553	0.000	292.511	0.000	292.481	292.365	0.000	155.000	166.000	0.000	0.000	0.000	0.000	292.576	0.000	0.000	0.000	0.000	-0.142	1.305	3.719	1.500	-376.800	92.939	0.000	0.100	0.100	756.175	376.800	0.000	0.000	850.230	0.000	0.000	0.000	1.000	-17.800	-34.900	131.200	289.700	20.400
3730818450.714	292.628	292.850	292.551	0.000	292.516	0.000	292.482	292.365	0.000	155.000	166.000	0.000	0.000	0.000	0.000	292.581	0.000	0.000	0.000	0.000	0.161	3.876	1.149	1.500	-376.800	93.078	0.000	0.100	0.100	761.649	376.800	0.000	0.000	826.062	0.000	0.000	0.000	1.000	-17.800	-34.900	131.500	283.900	22.300
3730818452.715	292.618	292.832	292.543	0.000	292.519	0.000	292.469	292.360	0.000	155.000	166.000	0.000	0.000	0.000	0.000	292.568	0.000	0.000	0.000	0.000	-0.142	1.305	1.149	1.530	-376.800	93.170	0.000	0.100	0.100	758.521	376.800	0.000	0.000	845.602	0.000	0.000	0.000	1.000	-17.400	-34.900	131.700	289.700	22.300
3730818454.714	292.623	292.849	292.544	0.000	292.518	0.000	292.483	292.366	0.000	155.000	166.000	0.000	0.000	0.000	0.000	292.576	0.000	0.000	0.000	0.000	-0.142	-1.266	3.719	1.470	-376.800	92.521	0.000	0.100	0.100	759.303	376.800	0.000	0.000	863.599	0.000	0.000	0.000	1.000	-17.800	-34.900	131.700	279.400	21.100
3730818456.715	292.618	292.849	292.551	0.000	292.512	0.000	292.480	292.363	0.000	155.000	166.000	0.000	0.000	0.000	0.000	292.567	0.000	0.000	0.000	0.000	-0.142	3.876	1.149	1.500	-376.800	92.892	0.000	0.100	0.100	760.867	376.800	0.000	0.000	877.997	0.000	0.000	0.000	1.000	-17.800	-34.900	132.000	277.500	21.700
3730818458.714	292.615	292.836	292.541	0.000	292.506	0.000	292.480	292.360	0.000	155.000	166.000	0.000	0.000	0.000	0.000	292.573	0.000	0.000	0.000	0.000	-0.142	1.305	6.290	1.500	-376.800	93.262	0.000	0.100	0.100	755.394	376.800	0.000	0.000	842.517	0.000	0.000	0.000	1.000	-17.800	-34.300	132.600	287.100	21.700
3730818460.714	292.622	292.841	292.547	0.000	292.516	0.000	292.485	292.363	0.000	155.000	166.000	0.000	0.000	0.000	0.000	292.569	0.000	0.000	0.000	0.000	-0.445	1.305	3.719	1.530	-376.800	93.123	0.000	0.100	0.100	756.176	376.800	0.000	0.000	830.176	0.000	0.000	0.000	1.000	-17.400	-34.300	132.600	275.600	21.100
3730818462.715	292.625	292.846	292.547	0.000	292.522	0.000	292.489	292.366	0.000	155.000	166.000	0.000	0.000	0.000	0.000	292.582	0.000	0.000	0.000	0.000	-0.445	-1.266	3.719	1.530	-376.800	93.494	0.000	0.100	0.100	759.303	376.800	0.000	0.000	848.687	0.000	0.000	0.000	1.000	-17.800	-34.300	132.800	285.200	21.100
3730818464.714	292.622	292.837	292.539	0.000	292.508	0.000	292.474	292.357	0.000	155.000	166.000	0.000	0.000	0.000	0.000	292.565	0.000	0.000	0.000	0.000	-0.142	3.876	6.290	1.530	-376.800	92.520	0.000	0.100	0.100	761.649	376.800	0.000	0.000	867.199	0.000	0.000	0.000	1.000	-17.800	-34.300	133.000	275.000	21.100
3730818466.715	292.612	292.834	292.543	0.000	292.509	0.000	292.477	292.354	0.000	155.000	166.000	0.000	0.000	0.000	0.000	292.569	0.000	0.000	0.000	0.000	0.161	1.305	1.149	1.470	-376.800	92.659	0.000	0.100	0.100	764.776	376.800	0.000	0.000	871.312	0.000	0.000	0.000	1.000	-17.800	-34.300	133.300	289.700	20.400
3730818468.714	292.624	292.845	292.540	0.000	292.510	0.000	292.479	292.366	0.000	155.000	166.000	0.000	0.000	0.000	0.000	292.574	0.000	0.000	0.000	0.000	-0.142	3.876	1.149	1.470	-376.800	92.799	0.000	0.100	0.100	761.649	376.800	0.000	0.000	835.318	0.000	0.000	0.000	1.000	-17.400	-34.300	133.500	275.000	19.100
3730818470.714	292.623	292.844	292.547	0.000	292.514	0.000	292.480	292.363	0.000	155.000	166.000	0.000	0.000	0.000	0.000	292.578	0.000	0.000	0.000	0.000	-0.142	1.305	3.719	1.500	-376.800	92.984	0.000	0.100	0.100	756.176	376.800	0.000	0.000	834.290	0.000	0.000	0.000	1.000	-17.400	-34.300	133.500	272.400	20.400
3730818472.714	292.617	292.843	292.540	0.000	292.514	0.000	292.474	292.367	0.000	155.000	166.000	0.000	0.000	0.000	0.000	292.577	0.000	0.000	0.000	0.000	-0.445	3.876	-1.422	1.500	-376.800	93.077	0.000	0.100	0.100	764.776	376.800	0.000	0.000	852.801	0.000	0.000	0.000	1.000	-17.800	-34.300	133.900	269.900	20.400
3730818474.713	292.616	292.836	292.545	0.000	292.507	0.000	292.469	292.356	0.000	155.000	166.000	0.000	0.000	0.000	0.000	292.571	0.000	0.000	0.000	0.000	0.161	-1.266	3.719	1.500	-376.800	92.706	0.000	0.100	0.100	753.830	376.800	0.000	0.000	871.312	0.000	0.000	0.000	1.000	-17.800	-34.300	134.100	280.100	19.100
3730818476.715	292.620	292.839	292.543	0.000	292.509	0.000	292.483	292.369	0.000	155.000	166.000	0.000	0.000	0.000	0.000	292.580	0.000	0.000	0.000	0.000	-0.142	1.305	1.149	1.470	-376.800	93.077	0.000	0.100	0.100	756.957	376.800	0.000	0.000	864.113	0.000	0.000	0.000	1.000	-17.800	-33.800	134.100	273.100	20.400
3730818478.714	292.628	292.841	292.548	0.000	292.515	0.000	292.484	292.367	0.000	155.000	166.000	0.000	0.000	0.000	0.000	292.580	0.000	0.000	0.000	0.000	-0.142	1.305	3.719	1.470	-376.800	92.428	0.000	0.100	0.100	763.213	376.800	0.000	0.000	829.148	0.000	0.000	0.000	1.000	-17.800	-34.300	134.300	264.100	20.400
3730818480.714	292.625	292.847	292.556	0.000	292.523	0.000	292.474	292.370	0.000	155.000	166.000	0.000	0.000	0.000	0.000	292.582	0.000	0.000	0.000	0.000	-0.142	1.305	6.290	1.470	-376.800	93.355	0.000	0.100	0.100	761.648	376.800	0.000	0.000	837.889	0.000	0.000	0.000	1.000	-17.800	-33.800	134.600	288.400	21.100
3730818482.713	292.624	292.830	292.560	0.000	292.520	0.000	292.487	292.363	0.000	155.000	166.000	0.000	0.000	0.000	0.000	292.583	0.000	0.000	0.000	0.000	0.161	3.876	1.149	1.470	-376.800	92.614	0.000	0.100	0.100	753.048	376.800	0.000	0.000	856.915	0.000	0.000	0.000	1.000	-17.400	-33.800	134.600	261.600	19.100
3730818484.713	292.623	292.843	292.550	0.000	292.524	0.000	292.482	292.371	0.000	155.000	166.000	0.000	0.000	0.000	0.000	292.571	0.000	0.000	0.000	0.000	0.161	-1.266	1.149	1.500	-376.800	93.263	0.000	0.100	0.100	760.085	376.800	0.000	0.000	874.398	0.000	0.000	0.000	1.000	-17.400	-33.800	134.600	262.200	19.800
3730818486.714	292.623	292.835	292.553	0.000	292.512	0.000	292.476	292.369	0.000	155.000	166.000	0.000	0.000	0.000	0.000	292.581	0.000	0.000	0.000	0.000	-0.142	3.876	6.290	1.500	-376.800	92.753	0.000	0.100	0.100	757.739	376.800	0.000	0.000	857.943	0.000	0.000	0.000	1.000	-17.800	-33.800	134.900	258.400	20.400
3730818488.714	292.616	292.831	292.544	0.000	292.509	0.000	292.470	292.346	0.000	155.000	166.000	0.000	0.000	0.000	0.000	292.566	0.000	0.000	0.000	0.000	-0.142	1.305	1.149	1.470	-376.800	92.799	0.000	0.100	0.100	760.085	376.800	0.000	0.000	822.977	0.000	0.000	0.000	1.000	-17.800	-33.800	135.100	250.700	20.400
3730818490.714	292.623	292.833	292.548	0.000	292.503	0.000	292.480	292.363	0.000	155.000	166.000	0.000	0.000	0.000	0.000	292.580	0.000	0.000	0.000	0.000	-0.142	1.305	1.149	1.530	-376.800	93.124	0.000	0.100	0.100	756.957	376.800	0.000	0.000	841.488	0.000	0.000	0.000	1.000	-17.400	-33.800	135.100	264.100	20.400
3730818492.714	292.615	292.839	292.551	0.000	292.506	0.000	292.475	292.364	0.000	155.000	166.000	0.000	0.000	0.000	0.000	292.572	0.000	0.000	0.000	0.000	-0.142	1.305	3.719	1.500	-376.800	92.475	0.000	0.100	0.100	757.740	376.800	0.000	0.000	859.486	0.000	0.000	0.000	1.000	-17.800	-33.800	135.100	264.800	18.500
3730818494.715	292.625	292.840	292.546	0.000	292.520	0.000	292.481	292.367	0.000	155.000	166.000	0.000	0.000	0.000	0.000	292.575	0.000	0.000	0.000	0.000	-0.142	-1.266	1.149	1.500	-376.800	93.217	0.000	0.100	0.100	754.612	376.800	0.000	0.000	876.969	0.000	0.000	0.000	1.000	-17.800	-33.800	135.400	278.800	20.400
3730818496.714	292.629	292.839	292.555	0.000	292.516	0.000	292.486	292.367	0.000	155.000	166.000	0.000	0.000	0.000	0.000	292.589	0.000	0.000	0.000	0.000	0.161	-1.266	3.719	1.500	-376.800	92.939	0.000	0.100	0.100	761.649	376.800	0.000	0.000	850.744	0.000	0.000	0.000	1.000	-17.400	-33.800	135.600	269.200	19.800
3730818498.714	292.622	292.838	292.539	0.000	292.506	0.000	292.478	292.359	0.000	155.000	166.000	0.000	0.000	0.000	0.000	292.574	0.000	0.000	0.000	0.000	0.161	1.305	1.149	1.500	-376.800	92.522	0.000	0.100	0.100	762.431	376.800	0.000	0.000	825.034	0.000	0.000	0.000	1.000	-17.800	-33.800	135.600	250.700	20.400
3730818500.715	292.611	292.826	292.536	0.000	292.510	0.000	292.474	292.352	0.000	155.000	166.000	0.000	0.000	0.000	0.000	292.574	0.000	0.000	0.000	0.000	-0.142	-1.266	3.719	1.500	-376.800	92.708	0.000	0.100	0.100	759.303	376.800	0.000	0.000	845.088	0.000	0.000	0.000	1.000	-17.800	-33.800	135.900	272.400	20.400
3730818502.715	292.626	292.831	292.547	0.000	292.506	0.000	292.476	292.367	0.000	155.000	166.000	0.000	0.000	0.000	0.000	292.575	0.000	0.000	0.000	0.000	0.464	-1.266	3.719	1.470	-376.800	92.847	0.000	0.100	0.100	760.085	376.800	0.000	0.000	863.599	0.000	0.000	0.000	1.000	-17.400	-33.800	135.900	253.900	20.400
3730818504.714	292.615	292.833	292.549	0.000	292.510	0.000	292.491	292.363	0.000	155.000	166.000	0.000	0.000	0.000	0.000	292.578	0.000	0.000	0.000	0.000	-0.142	-1.266	6.290	1.500	-376.800	93.125	0.000	0.100	0.100	762.431	376.800	0.000	0.000	879.025	0.000	0.000	0.000	1.000	-17.800	-33.200	136.200	264.800	19.800
3730818506.715	292.626	292.832	292.545	0.000	292.512	0.000	292.479	292.363	0.000	155.000	166.000	0.000	0.000	0.000	0.000	292.576	0.000	0.000	0.000	0.000	-0.142	1.305	1.149	1.500	-376.800	93.588	0.000	0.100	0.100	763.994	376.800	0.000	0.000	844.059	0.000	0.000	0.000	1.000	-17.400	-33.200	136.200	249.500	19.800
3730818508.715	292.620	292.835	292.552	0.000	292.512	0.000	292.468	292.369	0.000	155.000	166.000	0.000	0.000	0.000	0.000	292.576	0.000	0.000	0.000	0.000	-0.142	-1.266	1.149	1.500	-376.800	93.542	0.000	0.100	0.100	763.995	376.800	0.000	0.000	829.662	0.000	0.000	0.000	1.000	-17.400	-33.800	136.400	248.800	19.800
3730818510.715	292.626	292.828	292.547	0.000	292.513	0.000	292.485	292.360	0.000	155.000	166.000	0.000	0.000	0.000	0.000	292.581	0.000	0.000	0.000	0.000	-0.142	1.305	3.719	1.470	-376.800	92.846	0.000	0.100	0.100	755.393	376.800	0.000	0.000	848.687	0.000	0.000	0.000	1.000	-17.800	-33.200	136.700	259.700	20.400
3730818512.714	292.616	292.829	292.543	0.000	292.505	0.000	292.485	292.358	0.000	155.000	166.000	0.000	0.000	0.000	0.000	292.573	0.000	0.000	0.000	0.000	-0.142	1.305	1.149	1.470	-376.800	92.661	0.000	0.100	0.100	761.649	376.800	0.000	0.000	867.713	0.000	0.000	0.000	1.000	-17.400	-33.200	136.700	248.800	20.400
3730818514.714	292.625	292.835	292.541	0.000	292.508	0.000	292.471	292.354	0.000	155.000	166.000	0.000	0.000	0.000	0.000	292.579	0.000	0.000	0.000	0.000	0.161	-1.266	1.149	1.470	-376.800	92.753	0.000	0.100	0.100	765.558	376.800	0.000	0.000	872.341	0.000	0.000	0.000	1.000	-17.400	-33.200	137.000	259.700	19.800
3730818516.714	292.624	292.843	292.558	0.000	292.509	0.000	292.486	292.370	0.000	155.000	166.000	0.000	0.000	0.000	0.000	292.573	0.000	0.000	0.000	0.000	-0.142	1.305	-1.422	1.470	-376.800	92.661	0.000	0.100	0.100	756.958	376.800	0.000	0.000	837.375	0.000	0.000	0.000	1.000	-17.400	-33.200	137.000	249.500	20.400
3730818518.715	292.627	292.835	292.545	0.000	292.516	0.000	292.473	292.361	0.000	155.000	166.000	0.000	0.000	0.000	0.000	292.569	0.000	0.000	0.000	0.000	0.161	1.305	1.149	1.470	-376.800	93.078	0.000	0.100	0.100	760.085	376.800	0.000	0.000	833.775	0.000	0.000	0.000	1.000	-17.800	-33.200	137.200	243.700	20.400
3730818520.714	292.620	292.833	292.555	0.000	292.517	0.000	292.475	292.357	0.000	155.000	166.000	0.000	0.000	0.000	0.000	292.563	0.000	0.000	0.000	0.000	-0.747	1.305	1.149	1.500	-376.800	93.031	0.000	0.100	0.100	760.085	376.800	0.000	0.000	852.287	0.000	0.000	0.000	1.000	-17.800	-33.800	137.200	248.800	19.800
3730818522.714	292.628	292.840	292.551	0.000	292.513	0.000	292.481	292.367	0.000	155.000	166.000	0.000	0.000	0.000	0.000	292.569	0.000	0.000	0.000	0.000	-0.142	-1.266	3.719	1.500	-376.800	92.336	0.000	0.100	0.100	753.048	376.800	0.000	0.000	870.798	0.000	0.000	0.000	1.000	-17.800	-33.200	137.200	249.500	20.400
3730818524.714	292.618	292.831	292.550	0.000	292.517	0.000	292.473	292.358	0.000	155.000	166.000	0.000	0.000	0.000	0.000	292.572	0.000	0.000	0.000	0.000	-0.142	-1.266	3.719	1.500	-376.800	93.170	0.000	0.100	0.100	756.176	376.800	0.000	0.000	866.170	0.000	0.000	0.000	1.000	-17.800	-33.200	137.500	247.500	19.800
3730818526.714	292.623	292.840	292.549	0.000	292.517	0.000	292.483	292.358	0.000	155.000	166.000	0.000	0.000	0.000	0.000	292.574	0.000	0.000	0.000	0.000	0.161	1.305	1.149	1.500	-376.800	93.170	0.000	0.100	0.100	760.867	376.800	0.000	0.000	830.176	0.000	0.000	0.000	1.000	-17.800	-33.200	137.700	257.100	19.100
3730818528.715	292.624	292.833	292.554	0.000	292.522	0.000	292.483	292.364	0.000	155.000	166.000	0.000	0.000	0.000	0.000	292.581	0.000	0.000	0.000	0.000	-0.142	-1.266	3.719	1.500	-376.800	93.124	0.000	0.100	0.100	759.304	376.800	0.000	0.000	836.861	0.000	0.000	0.000	1.000	-17.800	-33.800	137.900	254.600	19.800
3730818530.714	292.631	292.844	292.564	0.000	292.515	0.000	292.494	292.370	0.000	155.000	166.000	0.000	0.000	0.000	0.000	292.579	0.000	0.000	0.000	0.000	0.161	1.305	1.149	1.500	-376.800	93.170	0.000	0.100	0.100	760.867	376.800	0.000	0.000	855.886	0.000	0.000	0.000	1.000	-17.800	-33.800	137.900	248.800	18.500
3730818532.715	292.618	292.840	292.545	0.000	292.509	0.000	292.467	292.357	0.000	155.000	166.000	0.000	0.000	0.000	0.000	292.566	0.000	0.000	0.000	0.000	-0.142	-1.266	1.149	1.500	-376.800	93.124	0.000	0.100	0.100	760.867	376.800	0.000	0.000	873.883	0.000	0.000	0.000	1.000	-17.800	-33.200	137.900	241.800	19.800
3730818534.715	292.621	292.838	292.545	0.000	292.514	0.000	292.481	292.355	0.000	155.000	166.000	0.000	0.000	0.000	0.000	292.568	0.000	0.000	0.000	0.000	-0.142	1.305	3.719	1.500	-376.800	92.660	0.000	0.100	0.100	763.213	376.800	0.000	0.000	857.943	0.000	0.000	0.000	1.000	-17.800	-33.200	138.300	240.500	19.800
3730818536.715	292.615	292.848	292.549	0.000	292.514	0.000	292.480	292.359	0.000	155.000	166.000	0.000	0.000	0.000	0.000	292.573	0.000	0.000	0.000	0.000	-0.142	3.876	1.149	1.470	-376.800	92.938	0.000	0.100	0.100	759.303	376.800	0.000	0.000	823.491	0.000	0.000	0.000	1.000	-17.800	-33.200	138.500	238.600	19.100
3730818538.715	292.628	292.835	292.548	0.000	292.509	0.000	292.474	292.361	0.000	155.000	166.000	0.000	0.000	0.000	0.000	292.570	0.000	0.000	0.000	0.000	-0.142	1.305	1.149	1.500	-376.800	92.892	0.000	0.100	0.100	759.303	376.800	0.000	0.000	840.460	0.000	0.000	0.000	1.000	-17.800	-33.200	138.700	239.300	20.400
3730818540.715	292.615	292.835	292.551	0.000	292.516	0.000	292.473	292.355	0.000	155.000	166.000	0.000	0.000	0.000	0.000	292.566	0.000	0.000	0.000	0.000	-0.142	1.305	1.149	1.470	-376.800	92.752	0.000	0.100	0.100	761.649	376.800	0.000	0.000	859.486	0.000	0.000	0.000	1.000	-17.800	-33.200	138.700	238.600	19.800
3730818542.715	292.621	292.849	292.548	0.000	292.521	0.000	292.478	292.363	0.000	155.000	166.000	0.000	0.000	0.000	0.000	292.567	0.000	0.000	0.000	0.000	-0.142	3.876	-1.422	1.470	-376.800	93.216	0.000	0.100	0.100	758.521	376.800	0.000	0.000	876.969	0.000	0.000	0.000	1.000	-17.800	-33.200	138.900	232.900	19.100
3730818544.714	292.622	292.846	292.544	0.000	292.512	0.000	292.471	292.361	0.000	155.000	166.000	0.000	0.000	0.000	0.000	292.569	0.000	0.000	0.000	0.000	-0.747	-1.266	1.149	1.500	-376.800	92.891	0.000	0.100	0.100	763.994	376.800	0.000	0.000	851.773	0.000	0.000	0.000	1.000	-17.800	-33.200	138.900	229.700	19.800
3730818546.714	292.626	292.849	292.550	0.000	292.517	0.000	292.482	292.354	0.000	155.000	166.000	0.000	0.000	0.000	0.000	292.578	0.000	0.000	0.000	0.000	-0.142	-1.266	3.719	1.500	-376.800	93.494	0.000	0.100	0.100	764.776	376.800	0.000	0.000	824.520	0.000	0.000	0.000	1.000	-17.800	-33.200	138.900	230.300	17.200
3730818548.715	292.627	292.855	292.555	0.000	292.521	0.000	292.484	292.356	0.000	155.000	166.000	0.000	0.000	0.000	0.000	292.569	0.000	0.000	0.000	0.000	-0.142	3.876	3.719	1.500	-376.800	93.030	0.000	0.100	0.100	758.521	376.800	0.000	0.000	844.059	0.000	0.000	0.000	1.000	-17.800	-32.700	139.300	241.800	19.100
3730818550.714	292.626	292.849	292.553	0.000	292.514	0.000	292.478	292.353	0.000	155.000	166.000	0.000	0.000	0.000	0.000	292.575	0.000	0.000	0.000	0.000	0.161	-3.836	3.719	1.530	-376.800	93.169	0.000	0.100	0.100	756.175	376.800	0.000	0.000	863.085	0.000	0.000	0.000	1.000	-17.800	-33.200	139.300	234.800	19.100
3730818552.714	292.618	292.851	292.553	0.000	292.523	0.000	292.472	292.364	0.000	155.000	166.000	0.000	0.000	0.000	0.000	292.567	0.000	0.000	0.000	0.000	0.161	-3.836	3.719	1.500	-376.800	92.567	0.000	0.100	0.100	758.521	376.800	0.000	0.000	880.568	0.000	0.000	0.000	1.000	-17.800	-33.200	139.500	234.100	19.100
3730818554.715	292.625	292.839	292.546	0.000	292.520	0.000	292.472	292.353	0.000	155.000	166.000	0.000	0.000	0.000	0.000	292.560	0.000	0.000	0.000	0.000	0.161	-1.266	3.719	1.500	-376.800	92.891	0.000	0.100	0.100	763.994	376.800	0.000	0.000	844.574	0.000	0.000	0.000	1.000	-17.800	-32.700	139.500	241.800	17.900
3730818556.715	292.622	292.848	292.554	0.000	292.527	0.000	292.476	292.357	0.000	155.000	166.000	0.000	0.000	0.000	0.000	292.568	0.000	0.000	0.000	0.000	-0.142	3.876	3.719	1.470	-376.800	93.262	0.000	0.100	0.100	758.521	376.800	0.000	0.000	829.148	0.000	0.000	0.000	1.000	-17.800	-32.700	139.700	231.000	17.200
3730818558.715	292.616	292.847	292.551	0.000	292.511	0.000	292.480	292.361	0.000	155.000	166.000	0.000	0.000	0.000	0.000	292.570	0.000	0.000	0.000	0.000	-0.445	1.305	6.290	1.470	-376.800	92.984	0.000	0.100	0.100	760.867	376.800	0.000	0.000	848.173	0.000	0.000	0.000	1.000	-17.800	-32.700	139.700	223.900	17.200
3730818560.714	292.625	292.847	292.553	0.000	292.515	0.000	292.482	292.353	0.000	155.000	166.000	0.000	0.000	0.000	0.000	292.568	0.000	0.000	0.000	0.000	0.464	3.876	1.149	1.500	-376.800	92.660	0.000	0.100	0.100	755.393	376.800	0.000	0.000	866.170	0.000	0.000	0.000	1.000	-17.800	-32.700	140.000	232.900	19.800
3730818562.714	292.626	292.857	292.554	0.000	292.518	0.000	292.487	292.354	0.000	155.000	166.000	0.000	0.000	0.000	0.000	292.570	0.000	0.000	0.000	0.000	-0.142	-1.266	6.290	1.500	-376.800	92.985	0.000	0.100	0.100	757.739	376.800	0.000	0.000	873.883	0.000	0.000	0.000	1.000	-17.800	-32.700	140.000	229.000	19.100
3730818564.714	292.624	292.856	292.550	0.000	292.526	0.000	292.484	292.366	0.000	155.000	166.000	0.000	0.000	0.000	0.000	292.576	0.000	0.000	0.000	0.000	-0.142	-1.266	3.719	1.530	-376.800	92.938	0.000	0.100	0.100	764.777	376.800	0.000	0.000	838.917	0.000	0.000	0.000	1.000	-17.800	-32.700	140.200	231.600	19.100
3730818566.713	292.615	292.849	292.543	0.000	292.509	0.000	292.476	292.348	0.000	155.000	166.000	0.000	0.000	0.000	0.000	292.562	0.000	0.000	0.000	0.000	-0.142	1.305	1.149	1.500	-376.800	93.031	0.000	0.100	0.100	756.957	376.800	0.000	0.000	832.233	0.000	0.000	0.000	1.000	-17.800	-32.700	140.200	236.700	17.200
3730818568.714	292.631	292.851	292.551	0.000	292.524	0.000	292.484	292.357	0.000	155.000	166.000	0.000	0.000	0.000	0.000	292.577	0.000	0.000	0.000	0.000	-0.142	1.305	3.719	1.500	-376.800	92.429	0.000	0.100	0.100	760.085	376.800	0.000	0.000	851.258	0.000	0.000	0.000	1.000	-17.800	-32.700	140.200	229.000	18.500
3730818570.715	292.631	292.856	292.548	0.000	292.522	0.000	292.480	292.361	0.000	155.000	166.000	0.000	0.000	0.000	0.000	292.574	0.000	0.000	0.000	0.000	-0.142	-1.266	-1.422	1.470	-376.800	92.429	0.000	0.100	0.100	760.867	376.800	0.000	0.000	869.770	0.000	0.000	0.000	1.000	-17.800	-32.700	140.500	227.800	19.800
3730818572.714	292.621	292.859	292.549	0.000	292.531	0.000	292.487	292.357	0.000	155.000	166.000	0.000	0.000	0.000	0.000	292.577	0.000	0.000	0.000	0.000	0.161	-1.266	3.719	1.470	-376.800	92.660	0.000	0.100	0.100	763.213	376.800	0.000	0.000	866.170	0.000	0.000	0.000	1.000	-17.800	-32.700	140.800	220.100	19.100
3730818574.714	292.626	292.857	292.561	0.000	292.519	0.000	292.474	292.361	0.000	155.000	166.000	0.000	0.000	0.000	0.000	292.588	0.000	0.000	0.000	0.000	-0.142	-1.266	1.149	1.530	-376.800	93.217	0.000	0.100	0.100	753.830	376.800	0.000	0.000	831.719	0.000	0.000	0.000	1.000	-17.800	-32.700	140.800	226.500	19.100
3730818576.713	292.626	292.854	292.551	0.000	292.519	0.000	292.481	292.357	0.000	155.000	166.000	0.000	0.000	0.000	0.000	292.582	0.000	0.000	0.000	0.000	-0.142	1.305	3.719	1.500	-376.800	93.495	0.000	0.100	0.100	759.303	376.800	0.000	0.000	836.346	0.000	0.000	0.000	1.000	-17.800	-32.700	140.800	228.400	19.800
3730818578.715	292.624	292.847	292.550	0.000	292.514	0.000	292.476	292.357	0.000	155.000	166.000	0.000	0.000	0.000	0.000	292.574	0.000	0.000	0.000	0.000	0.161	-3.836	1.149	1.470	-376.800	92.568	0.000	0.100	0.100	760.085	376.800	0.000	0.000	855.372	0.000	0.000	0.000	1.000	-17.800	-32.700	141.000	234.100	19.800
3730818580.713	292.626	292.849	292.555	0.000	292.513	0.000	292.486	292.362	0.000	155.000	166.000	0.000	0.000	0.000	0.000	292.583	0.000	0.000	0.000	0.000	-0.142	1.305	3.719	1.470	-376.800	93.170	0.000	0.100	0.100	760.085	376.800	0.000	0.000	873.369	0.000	0.000	0.000	1.000	-17.800	-32.700	141.000	229.000	19.800
3730818582.715	292.633	292.858	292.560	0.000	292.520	0.000	292.482	292.360	0.000	155.000	166.000	0.000	0.000	0.000	0.000	292.580	0.000	0.000	0.000	0.000	-0.142	1.305	1.149	1.470	-376.800	92.614	0.000	0.100	0.100	756.175	376.800	0.000	0.000	859.486	0.000	0.000	0.000	1.000	-17.800	-32.700	141.000	229.000	17.200
3730818584.714	292.628	292.852	292.555	0.000	292.520	0.000	292.480	292.364	0.000	155.000	166.000	0.000	0.000	0.000	0.000	292.580	0.000	0.000	0.000	0.000	-0.142	-1.266	3.719	1.500	-376.800	92.753	0.000	0.100	0.100	755.394	376.800	0.000	0.000	824.520	0.000	0.000	0.000	1.000	-17.800	-32.100	141.000	221.400	19.100
3730818586.715	292.622	292.854	292.552	0.000	292.511	0.000	292.477	292.349	0.000	155.000	166.000	0.000	0.000	0.000	0.000	292.583	0.000	0.000	0.000	0.000	0.161	-1.266	3.719	1.500	-376.800	92.661	0.000	0.100	0.100	758.521	376.800	0.000	0.000	839.946	0.000	0.000	0.000	1.000	-17.800	-32.100	141.200	223.900	19.100
3730818588.715	292.629	292.855	292.560	0.000	292.529	0.000	292.478	292.367	0.000	155.000	166.000	0.000	0.000	0.000	0.000	292.590	0.000	0.000	0.000	0.000	-0.142	1.305	1.149	1.500	-376.800	92.661	0.000	0.100	0.100	758.522	376.800	0.000	0.000	858.457	0.000	0.000	0.000	1.000	-17.800	-32.700	141.200	216.900	18.500
3730818590.714	292.622	292.849	292.548	0.000	292.525	0.000	292.470	292.353	0.000	155.000	166.000	0.000	0.000	0.000	0.000	292.583	0.000	0.000	0.000	0.000	-0.445	-1.266	1.149	1.530	-376.800	92.985	0.000	0.100	0.100	753.830	376.800	0.000	0.000	876.969	0.000	0.000	0.000	1.000	-17.800	-32.700	141.500	222.000	17.900
3730818592.713	292.638	292.865	292.564	0.000	292.533	0.000	292.492	292.360	0.000	155.000	166.000	0.000	0.000	0.000	0.000	292.592	0.000	0.000	0.000	0.000	-0.142	-1.266	3.719	1.470	-376.800	92.382	0.000	0.100	0.100	758.522	376.800	0.000	0.000	852.801	0.000	0.000	0.000	1.000	-17.800	-32.100	141.500	222.000	19.800
3730818594.713	292.632	292.856	292.560	0.000	292.519	0.000	292.481	292.366	0.000	155.000	166.000	0.000	0.000	0.000	0.000	292.598	0.000	0.000	0.000	0.000	-0.142	1.305	3.719	1.500	-376.800	93.495	0.000	0.100	0.100	763.994	376.800	0.000	0.000	824.005	0.000	0.000	0.000	1.000	-17.800	-32.100	141.800	223.300	19.800
3730818596.714	292.628	292.856	292.555	0.000	292.521	0.000	292.471	292.357	0.000	155.000	166.000	0.000	0.000	0.000	0.000	292.594	0.000	0.000	0.000	0.000	0.161	3.876	1.149	1.500	-376.800	92.660	0.000	0.100	0.100	760.085	376.800	0.000	0.000	843.031	0.000	0.000	0.000	1.000	-17.800	-32.100	141.800	218.800	17.200
3730818598.715	292.638	292.864	292.564	0.000	292.537	0.000	292.485	292.367	0.000	155.000	166.000	0.000	0.000	0.000	0.000	292.595	0.000	0.000	0.000	0.000	0.161	1.305	1.149	1.530	-376.800	92.753	0.000	0.100	0.100	755.394	376.800	0.000	0.000	861.542	0.000	0.000	0.000	1.000	-17.800	-32.100	142.000	219.500	19.800
3730818600.714	292.630	292.855	292.552	0.000	292.512	0.000	292.481	292.358	0.000	155.000	166.000	0.000	0.000	0.000	0.000	292.572	0.000	0.000	0.000	0.000	0.161	-1.266	3.719	1.470	-376.800	92.614	0.000	0.100	0.100	758.521	376.800	0.000	0.000	880.054	0.000	0.000	0.000	1.000	-17.800	-32.100	142.000	213.100	18.500
3730818602.713	292.627	292.865	292.551	0.000	292.527	0.000	292.489	292.369	0.000	155.000	166.000	0.000	0.000	0.000	0.000	292.588	0.000	0.000	0.000	0.000	0.161	1.305	3.719	1.500	-376.800	93.309	0.000	0.100	0.100	764.776	376.800	0.000	0.000	846.630	0.000	0.000	0.000	1.000	-17.800	-32.100	142.000	213.100	18.500
3730818604.715	292.635	292.871	292.563	0.000	292.527	0.000	292.495	292.371	0.000	155.000	166.000	0.000	0.000	0.000	0.000	292.610	0.000	0.000	0.000	0.000	0.161	1.305	1.149	1.470	-376.800	92.938	0.000	0.100	0.100	760.867	376.800	0.000	0.000	828.119	0.000	0.000	0.000	1.000	-17.400	-32.100	142.000	213.700	18.500
3730818606.714	292.634	292.861	292.561	0.000	292.528	0.000	292.486	292.362	0.000	155.000	166.000	0.000	0.000	0.000	0.000	292.590	0.000	0.000	0.000	0.000	-0.142	-1.266	3.719	1.470	-376.800	92.799	0.000	0.100	0.100	762.431	376.800	0.000	0.000	847.659	0.000	0.000	0.000	1.000	-17.400	-32.100	142.000	216.300	18.500
3730818608.715	292.633	292.854	292.552	0.000	292.532	0.000	292.483	292.360	0.000	155.000	166.000	0.000	0.000	0.000	0.000	292.585	0.000	0.000	0.000	0.000	-0.142	-1.266	3.719	1.470	-376.800	92.706	0.000	0.100	0.100	752.266	376.800	0.000	0.000	865.656	0.000	0.000	0.000	1.000	-17.800	-32.100	142.200	210.500	18.500
3730818610.713	292.630	292.865	292.560	0.000	292.534	0.000	292.493	292.365	0.000	155.000	166.000	0.000	0.000	0.000	0.000	292.600	0.000	0.000	0.000	0.000	0.464	1.305	1.149	1.500	-376.800	92.289	0.000	0.100	0.100	765.558	376.800	0.000	0.000	875.426	0.000	0.000	0.000	1.000	-17.800	-32.100	142.200	213.700	18.500
3730818612.713	292.630	292.856	292.552	0.000	292.530	0.000	292.491	292.369	0.000	155.000	166.000	0.000	0.000	0.000	0.000	292.600	0.000	0.000	0.000	0.000	0.161	1.305	3.719	1.500	-376.800	92.752	0.000	0.100	0.100	755.394	376.800	0.000	0.000	839.432	0.000	0.000	0.000	1.000	-17.800	-32.100	142.200	213.100	19.800
3730818614.714	292.643	292.869	292.553	0.000	292.533	0.000	292.489	292.374	0.000	155.000	166.000	0.000	0.000	0.000	0.000	292.601	0.000	0.000	0.000	0.000	-0.142	-1.266	-1.422	1.500	-376.800	93.123	0.000	0.100	0.100	761.649	376.800	0.000	0.000	832.233	0.000	0.000	0.000	1.000	-17.800	-32.100	142.600	208.600	19.100
3730818616.713	292.631	292.863	292.553	0.000	292.531	0.000	292.479	292.364	0.000	155.000	166.000	0.000	0.000	0.000	0.000	292.599	0.000	0.000	0.000	0.000	-0.142	3.876	6.290	1.470	-376.800	92.938	0.000	0.100	0.100	760.867	376.800	0.000	0.000	851.258	0.000	0.000	0.000	1.000	-17.800	-32.100	142.600	219.500	17.900
3730818618.714	292.642	292.866	292.571	0.000	292.542	0.000	292.497	292.372	0.000	155.000	166.000	0.000	0.000	0.000	0.000	292.613	0.000	0.000	0.000	0.000	0.161	1.305	-1.422	1.500	-376.800	93.170	0.000	0.100	0.100	759.303	376.800	0.000	0.000	869.255	0.000	0.000	0.000	1.000	-17.800	-31.700	142.800	209.900	18.500
3730818620.714	292.619	292.849	292.550	0.000	292.524	0.000	292.482	292.361	0.000	155.000	166.000	0.000	0.000	0.000	0.000	292.590	0.000	0.000	0.000	0.000	0.161	1.305	1.149	1.500	-376.800	92.521	0.000	0.100	0.100	756.958	376.800	0.000	0.000	868.227	0.000	0.000	0.000	1.000	-17.800	-32.100	142.800	211.200	18.500
3730818622.714	292.624	292.848	292.548	0.000	292.527	0.000	292.481	292.361	0.000	155.000	166.000	0.000	0.000	0.000	0.000	292.595	0.000	0.000	0.000	0.000	0.161	3.876	-1.422	1.470	-376.800	92.290	0.000	0.100	0.100	758.522	376.800	0.000	0.000	833.261	0.000	0.000	0.000	1.000	-17.400	-32.100	142.800	208.600	18.500
3730818624.713	292.625	292.856	292.550	0.000	292.533	0.000	292.483	292.364	0.000	155.000	166.000	0.000	0.000	0.000	0.000	292.598	0.000	0.000	0.000	0.000	-0.142	3.876	6.290	1.500	-376.800	92.661	0.000	0.100	0.100	761.650	376.800	0.000	0.000	834.804	0.000	0.000	0.000	1.000	-17.800	-32.100	142.800	208.000	18.500
3730818626.714	292.627	292.848	292.548	0.000	292.523	0.000	292.477	292.366	0.000	155.000	166.000	0.000	0.000	0.000	0.000	292.588	0.000	0.000	0.000	0.000	0.161	1.305	6.290	1.470	-376.800	92.476	0.000	0.100	0.100	767.904	376.800	0.000	0.000	854.344	0.000	0.000	0.000	1.000	-17.800	-32.100	143.000	208.600	16.600
3730818628.714	292.631	292.845	292.560	0.000	292.521	0.000	292.491	292.369	0.000	155.000	166.000	0.000	0.000	0.000	0.000	292.595	0.000	0.000	0.000	0.000	-0.445	-1.266	3.719	1.500	-376.800	92.151	0.000	0.100	0.100	756.958	376.800	0.000	0.000	871.827	0.000	0.000	0.000	1.000	-17.800	-31.700	143.000	211.200	19.100
3730818630.714	292.625	292.858	292.554	0.000	292.521	0.000	292.480	292.358	0.000	155.000	166.000	0.000	0.000	0.000	0.000	292.585	0.000	0.000	0.000	0.000	-0.142	3.876	1.149	1.470	-376.800	93.032	0.000	0.100	0.100	754.612	376.800	0.000	0.000	861.542	0.000	0.000	0.000	1.000	-17.800	-31.700	143.000	208.000	19.100
3730818632.714	292.635	292.859	292.558	0.000	292.528	0.000	292.488	292.366	0.000	155.000	166.000	0.000	0.000	0.000	0.000	292.592	0.000	0.000	0.000	0.000	-0.142	3.876	1.149	1.470	-376.800	92.801	0.000	0.100	0.100	759.303	376.800	0.000	0.000	826.577	0.000	0.000	0.000	1.000	-17.400	-31.700	143.000	208.000	18.500
3730818634.715	292.628	292.853	292.550	0.000	292.517	0.000	292.482	292.359	0.000	155.000	166.000	0.000	0.000	0.000	0.000	292.596	0.000	0.000	0.000	0.000	0.161	-1.266	3.719	1.530	-376.800	93.403	0.000	0.100	0.100	760.085	376.800	0.000	0.000	839.432	0.000	0.000	0.000	1.000	-17.800	-32.100	143.000	202.200	18.500
3730818636.714	292.628	292.844	292.552	0.000	292.523	0.000	292.485	292.358	0.000	155.000	166.000	0.000	0.000	0.000	0.000	292.590	0.000	0.000	0.000	0.000	-0.142	1.305	1.149	1.500	-376.800	93.078	0.000	0.100	0.100	750.702	376.800	0.000	0.000	857.943	0.000	0.000	0.000	1.000	-17.800	-32.100	143.000	208.000	17.200
3730818638.714	292.631	292.855	292.548	0.000	292.530	0.000	292.485	292.359	0.000	155.000	166.000	0.000	0.000	0.000	0.000	292.591	0.000	0.000	0.000	0.000	-0.142	-1.266	3.719	1.500	-376.800	92.800	0.000	0.100	0.100	760.867	376.800	0.000	0.000	875.940	0.000	0.000	0.000	1.000	-17.400	-31.700	143.000	202.200	18.500
3730818640.713	292.640	292.863	292.558	0.000	292.532	0.000	292.490	292.364	0.000	155.000	166.000	0.000	0.000	0.000	0.000	292.595	0.000	0.000	0.000	0.000	-0.142	3.876	3.719	1.500	-376.800	93.402	0.000	0.100	0.100	762.431	376.800	0.000	0.000	854.858	0.000	0.000	0.000	1.000	-17.800	-32.100	143.200	208.600	16.600
3730818642.714	292.626	292.844	292.555	0.000	292.523	0.000	292.487	292.346	0.000	155.000	166.000	0.000	0.000	0.000	0.000	292.588	0.000	0.000	0.000	0.000	-0.445	1.305	1.149	1.500	-376.800	93.309	0.000	0.100	0.100	763.994	376.800	0.000	0.000	822.977	0.000	0.000	0.000	1.000	-17.800	-31.700	143.200	199.700	18.500
3730818644.714	292.638	292.853	292.553	0.000	292.529	0.000	292.484	292.366	0.000	155.000	166.000	0.000	0.000	0.000	0.000	292.600	0.000	0.000	0.000	0.000	0.161	-1.266	1.149	1.500	-376.800	93.123	0.000	0.100	0.100	764.776	376.800	0.000	0.000	842.517	0.000	0.000	0.000	1.000	-17.800	-31.700	143.200	197.100	18.500
3730818646.713	292.632	292.852	292.551	0.000	292.515	0.000	292.479	292.366	0.000	155.000	166.000	0.000	0.000	0.000	0.000	292.601	0.000	0.000	0.000	0.000	-0.142	3.876	1.149	1.500	-376.800	92.938	0.000	0.100	0.100	762.431	376.800	0.000	0.000	861.542	0.000	0.000	0.000	1.000	-17.400	-31.700	143.200	206.100	18.500
3730818648.714	292.632	292.849	292.552	0.000	292.524	0.000	292.473	292.371	0.000	155.000	166.000	0.000	0.000	0.000	0.000	292.584	0.000	0.000	0.000	0.000	-0.142	-1.266	3.719	1.500	-376.800	92.706	0.000	0.100	0.100	753.048	376.800	0.000	0.000	879.540	0.000	0.000	0.000	1.000	-17.400	-31.700	143.200	202.900	18.500
3730818650.713	292.619	292.843	292.560	0.000	292.517	0.000	292.472	292.365	0.000	155.000	166.000	0.000	0.000	0.000	0.000	292.594	0.000	0.000	0.000	0.000	0.161	1.305	1.149	1.500	-376.800	92.706	0.000	0.100	0.100	759.303	376.800	0.000	0.000	847.659	0.000	0.000	0.000	1.000	-17.800	-31.700	143.600	208.000	18.500
3730818652.714	292.636	292.850	292.559	0.000	292.527	0.000	292.480	292.357	0.000	155.000	166.000	0.000	0.000	0.000	0.000	292.598	0.000	0.000	0.000	0.000	0.161	1.305	3.719	1.500	-376.800	92.381	0.000	0.100	0.100	763.995	376.800	0.000	0.000	827.605	0.000	0.000	0.000	1.000	-17.800	-31.700	143.600	208.000	19.100
3730818654.714	292.632	292.854	292.555	0.000	292.528	0.000	292.480	292.360	0.000	155.000	166.000	0.000	0.000	0.000	0.000	292.588	0.000	0.000	0.000	0.000	-0.142	1.305	3.719	1.500	-376.800	92.845	0.000	0.100	0.100	756.176	376.800	0.000	0.000	846.630	0.000	0.000	0.000	1.000	-17.400	-31.700	143.600	208.000	18.500
3730818656.714	292.629	292.847	292.557	0.000	292.525	0.000	292.477	292.354	0.000	155.000	166.000	0.000	0.000	0.000	0.000	292.596	0.000	0.000	0.000	0.000	-0.142	-1.266	1.149	1.500	-376.800	93.123	0.000	0.100	0.100	760.085	376.800	0.000	0.000	865.142	0.000	0.000	0.000	1.000	-17.800	-31.700	143.600	204.200	17.200
3730818658.714	292.638	292.853	292.559	0.000	292.523	0.000	292.481	292.361	0.000	155.000	166.000	0.000	0.000	0.000	0.000	292.596	0.000	0.000	0.000	0.000	0.161	-1.266	1.149	1.470	-376.800	92.799	0.000	0.100	0.100	764.777	376.800	0.000	0.000	877.483	0.000	0.000	0.000	1.000	-17.800	-31.700	143.600	197.800	18.500
3730818660.714	292.635	292.859	292.568	0.000	292.526	0.000	292.482	292.369	0.000	155.000	166.000	0.000	0.000	0.000	0.000	292.596	0.000	0.000	0.000	0.000	0.161	1.305	1.149	1.500	-376.800	92.938	0.000	0.100	0.100	759.303	376.800	0.000	0.000	840.974	0.000	0.000	0.000	1.000	-17.800	-31.700	143.600	204.200	17.900
3730818662.715	292.633	292.853	292.553	0.000	292.526	0.000	292.478	292.366	0.000	155.000	166.000	0.000	0.000	0.000	0.000	292.590	0.000	0.000	0.000	0.000	0.161	1.305	3.719	1.500	-376.800	93.124	0.000	0.100	0.100	756.176	376.800	0.000	0.000	831.204	0.000	0.000	0.000	1.000	-17.800	-31.700	143.600	199.100	17.900
3730818664.713	292.642	292.853	292.552	0.000	292.527	0.000	292.478	292.359	0.000	155.000	166.000	0.000	0.000	0.000	0.000	292.590	0.000	0.000	0.000	0.000	0.464	1.305	3.719	1.500	-376.800	93.309	0.000	0.100	0.100	758.521	376.800	0.000	0.000	850.230	0.000	0.000	0.000	1.000	-17.800	-31.700	143.600	201.600	16.600
3730818666.714	292.642	292.857	292.549	0.000	292.530	0.000	292.490	292.361	0.000	155.000	166.000	0.000	0.000	0.000	0.000	292.599	0.000	0.000	0.000	0.000	-0.142	3.876	-1.422	1.500	-376.800	92.614	0.000	0.100	0.100	749.920	376.800	0.000	0.000	868.741	0.000	0.000	0.000	1.000	-17.400	-31.700	143.600	201.600	18.500
3730818668.715	292.627	292.851	292.554	0.000	292.523	0.000	292.477	292.356	0.000	155.000	166.000	0.000	0.000	0.000	0.000	292.593	0.000	0.000	0.000	0.000	-0.142	3.876	1.149	1.470	-376.800	93.588	0.000	0.100	0.100	761.649	376.800	0.000	0.000	869.770	0.000	0.000	0.000	1.000	-17.400	-31.700	143.200	198.400	16.000
3730818670.714	292.627	292.848	292.545	0.000	292.510	0.000	292.471	292.345	0.000	155.000	166.000	0.000	0.000	0.000	0.000	292.589	0.000	0.000	0.000	0.000	-0.142	3.876	1.149	1.470	-376.800	93.218	0.000	0.100	0.100	763.994	376.800	0.000	0.000	833.775	0.000	0.000	0.000	1.000	-17.800	-31.700	143.200	201.000	15.300
3730818672.715	292.632	292.858	292.558	0.000	292.525	0.000	292.482	292.365	0.000	155.000	166.000	0.000	0.000	0.000	0.000	292.594	0.000	0.000	0.000	0.000	0.161	-1.266	1.149	1.500	-376.800	93.171	0.000	0.100	0.100	758.522	376.800	0.000	0.000	834.290	0.000	0.000	0.000	1.000	-17.800	-31.100	143.200	197.100	18.500
3730818674.714	292.629	292.843	292.555	0.000	292.535	0.000	292.480	292.360	0.000	155.000	166.000	0.000	0.000	0.000	0.000	292.583	0.000	0.000	0.000	0.000	-0.142	1.305	6.290	1.500	-376.800	93.171	0.000	0.100	0.100	757.739	376.800	0.000	0.000	853.315	0.000	0.000	0.000	1.000	-17.800	-31.100	143.200	204.800	18.500
3730818676.714	292.634	292.855	292.551	0.000	292.530	0.000	292.480	292.357	0.000	155.000	166.000	0.000	0.000	0.000	0.000	292.591	0.000	0.000	0.000	0.000	-0.142	3.876	-1.422	1.500	-376.800	93.496	0.000	0.100	0.100	760.867	376.800	0.000	0.000	871.827	0.000	0.000	0.000	1.000	-17.800	-31.700	143.200	199.100	17.900
3730818678.713	292.632	292.847	292.556	0.000	292.513	0.000	292.478	292.353	0.000	155.000	166.000	0.000	0.000	0.000	0.000	292.580	0.000	0.000	0.000	0.000	-0.142	-1.266	3.719	1.470	-376.800	92.754	0.000	0.100	0.100	757.740	376.800	0.000	0.000	862.571	0.000	0.000	0.000	1.000	-17.800	-31.700	143.200	190.800	17.900
3730818680.714	292.631	292.852	292.562	0.000	292.529	0.000	292.486	292.357	0.000	155.000	166.000	0.000	0.000	0.000	0.000	292.596	0.000	0.000	0.000	0.000	-0.142	1.305	1.149	1.500	-376.800	93.171	0.000	0.100	0.100	759.303	376.800	0.000	0.000	828.119	0.000	0.000	0.000	1.000	-17.400	-31.100	143.200	195.900	17.900
3730818682.714	292.635	292.857	292.560	0.000	292.532	0.000	292.467	292.366	0.000	155.000	166.000	0.000	0.000	0.000	0.000	292.590	0.000	0.000	0.000	0.000	-0.142	1.305	3.719	1.500	-376.800	93.217	0.000	0.100	0.100	763.212	376.800	0.000	0.000	838.917	0.000	0.000	0.000	1.000	-17.400	-30.600	143.000	197.100	16.000
3730818684.713	292.630	292.851	292.546	0.000	292.525	0.000	292.477	292.356	0.000	155.000	166.000	0.000	0.000	0.000	0.000	292.588	0.000	0.000	0.000	0.000	0.161	-1.266	1.149	1.500	-376.800	92.939	0.000	0.100	0.100	763.995	376.800	0.000	0.000	857.429	0.000	0.000	0.000	1.000	-17.800	-30.600	143.000	194.000	17.900
3730818686.713	292.628	292.856	292.557	0.000	292.521	0.000	292.479	292.359	0.000	155.000	166.000	0.000	0.000	0.000	0.000	292.595	0.000	0.000	0.000	0.000	0.161	3.876	3.719	1.530	-376.800	93.309	0.000	0.100	0.100	756.957	376.800	0.000	0.000	874.398	0.000	0.000	0.000	1.000	-17.400	-30.600	143.000	196.500	17.200
3730818688.714	292.634	292.866	292.555	0.000	292.529	0.000	292.480	292.361	0.000	155.000	166.000	0.000	0.000	0.000	0.000	292.598	0.000	0.000	0.000	0.000	-0.142	3.876	1.149	1.530	-376.800	92.474	0.000	0.100	0.100	760.867	376.800	0.000	0.000	855.886	0.000	0.000	0.000	1.000	-17.800	-31.100	143.000	193.300	17.200
3730818690.713	292.639	292.857	292.559	0.000	292.528	0.000	292.484	292.360	0.000	155.000	166.000	0.000	0.000	0.000	0.000	292.588	0.000	0.000	0.000	0.000	-0.142	1.305	3.719	1.530	-376.800	93.216	0.000	0.100	0.100	758.521	376.800	0.000	0.000	822.463	0.000	0.000	0.000	1.000	-17.800	-30.600	143.000	189.500	17.900
3730818692.714	292.639	292.856	292.549	0.000	292.528	0.000	292.475	292.362	0.000	155.000	166.000	0.000	0.000	0.000	0.000	292.589	0.000	0.000	0.000	0.000	0.161	3.876	3.719	1.470	-376.800	93.169	0.000	0.100	0.100	755.393	376.800	0.000	0.000	842.003	0.000	0.000	0.000	1.000	-17.400	-30.600	143.000	199.700	17.900
3730818694.714	292.635	292.844	292.548	0.000	292.517	0.000	292.467	292.340	0.000	155.000	166.000	0.000	0.000	0.000	0.000	292.585	0.000	0.000	0.000	0.000	-0.142	1.305	1.149	1.500	-376.800	92.335	0.000	0.100	0.100	761.649	376.800	0.000	0.000	860.000	0.000	0.000	0.000	1.000	-17.400	-30.600	142.800	193.300	17.200
3730818696.714	292.632	292.850	292.555	0.000	292.521	0.000	292.476	292.358	0.000	155.000	166.000	0.000	0.000	0.000	0.000	292.583	0.000	0.000	0.000	0.000	-0.142	-1.266	3.719	1.470	-376.800	92.706	0.000	0.100	0.100	761.648	376.800	0.000	0.000	879.025	0.000	0.000	0.000	1.000	-17.400	-30.600	142.800	190.800	16.000
3730818698.713	292.629	292.852	292.544	0.000	292.517	0.000	292.473	292.349	0.000	155.000	166.000	0.000	0.000	0.000	0.000	292.573	0.000	0.000	0.000	0.000	-0.142	3.876	3.719	1.442	-376.800	92.474	0.000	0.100	0.100	763.994	376.800	0.000	0.000	849.716	0.000	0.000	0.000	1.000	-17.400	-30.600	142.800	192.700	17.200
3730818700.713	292.638	292.853	292.549	0.000	292.513	0.000	292.464	292.346	0.000	155.000	166.000	0.000	0.000	0.000	0.000	292.584	0.000	0.000	0.000	0.000	-0.142	1.305	3.719	1.500	-376.800	93.077	0.000	0.100	0.100	755.394	376.800	0.000	0.000	826.062	0.000	0.000	0.000	1.000	-17.400	-30.600	142.800	185.700	17.200
3730818704.700	292.628	292.845	292.554	0.000	292.527	0.000	292.470	292.343	0.000	155.000	166.000	0.000	0.000	0.000	0.000	292.596	0.000	0.000	0.000	0.000	0.161	-1.266	3.719	1.470	-376.800	92.197	0.000	0.100	0.100	760.085	376.800	0.000	0.000	864.628	0.000	0.000	0.000	1.000	-17.800	-30.600	142.800	183.700	17.200
3730818705.555	292.636	292.856	292.561	0.000	292.523	0.000	292.474	292.353	0.000	155.000	166.000	0.000	0.000	0.000	0.000	292.597	0.000	0.000	0.000	0.000	0.161	1.305	6.290	1.500	-376.800	92.938	0.000	0.100	0.100	753.048	376.800	0.000	0.000	863.085	0.000	0.000	0.000	1.000	-17.400	-30.600	142.800	183.700	17.200
3730818706.715	292.643	292.852	292.566	0.000	292.530	0.000	292.470	292.356	0.000	155.000	166.000	0.000	0.000	0.000	0.000	292.586	0.000	0.000	0.000	0.000	0.161	-1.266	3.719	1.500	-376.800	93.217	0.000	0.100	0.100	760.085	376.800	0.000	0.000	877.997	0.000	0.000	0.000	1.000	-17.400	-30.600	142.800	193.300	16.600
3730818708.714	292.642	292.865	292.567	0.000	292.520	0.000	292.481	292.357	0.000	155.000	166.000	0.000	0.000	0.000	0.000	292.597	0.000	0.000	0.000	0.000	-0.142	-1.266	3.719	1.500	-376.800	93.217	0.000	0.100	0.100	758.521	376.800	0.000	0.000	843.031	0.000	0.000	0.000	1.000	-17.800	-30.600	142.800	187.600	16.600
3730818710.714	292.636	292.854	292.564	0.000	292.534	0.000	292.480	292.368	0.000	155.000	166.000	0.000	0.000	0.000	0.000	292.596	0.000	0.000	0.000	0.000	-0.142	-1.266	3.719	1.470	-376.800	92.707	0.000	0.100	0.100	756.176	376.800	0.000	0.000	830.176	0.000	0.000	0.000	1.000	-17.800	-30.600	143.000	184.400	16.600
3730818712.713	292.636	292.858	292.557	0.000	292.513	0.000	292.469	292.351	0.000	155.000	166.000	0.000	0.000	0.000	0.000	292.585	0.000	0.000	0.000	0.000	0.161	3.876	1.149	1.470	-376.800	92.569	0.000	0.100	0.100	757.740	376.800	0.000	0.000	848.687	0.000	0.000	0.000	1.000	-17.800	-30.600	143.000	186.300	17.200
3730818714.714	292.634	292.866	292.560	0.000	292.531	0.000	292.477	292.367	0.000	155.000	166.000	0.000	0.000	0.000	0.000	292.594	0.000	0.000	0.000	0.000	-0.142	-1.266	3.719	1.530	-376.800	92.986	0.000	0.100	0.100	757.739	376.800	0.000	0.000	867.199	0.000	0.000	0.000	1.000	-17.400	-30.600	143.000	187.600	15.300
3730818716.713	292.630	292.856	292.562	0.000	292.531	0.000	292.472	292.350	0.000	155.000	166.000	0.000	0.000	0.000	0.000	292.596	0.000	0.000	0.000	0.000	-0.142	1.305	3.719	1.500	-376.800	92.661	0.000	0.100	0.100	760.085	376.800	0.000	0.000	870.284	0.000	0.000	0.000	1.000	-17.400	-30.000	143.000	182.500	16.000
3730818718.714	292.643	292.860	292.551	0.000	292.530	0.000	292.478	292.360	0.000	155.000	166.000	0.000	0.000	0.000	0.000	292.597	0.000	0.000	0.000	0.000	-0.142	-1.266	1.149	1.500	-376.800	93.403	0.000	0.100	0.100	759.303	376.800	0.000	0.000	836.346	0.000	0.000	0.000	1.000	-17.800	-30.600	143.200	186.300	16.000
3730818720.715	292.633	292.859	292.568	0.000	292.534	0.000	292.489	292.357	0.000	155.000	166.000	0.000	0.000	0.000	0.000	292.591	0.000	0.000	0.000	0.000	0.161	-1.266	1.149	1.500	-376.800	92.383	0.000	0.100	0.100	767.122	376.800	0.000	0.000	833.261	0.000	0.000	0.000	1.000	-17.800	-30.600	143.200	193.300	15.300
3730818722.714	292.634	292.850	292.555	0.000	292.523	0.000	292.477	292.346	0.000	155.000	166.000	0.000	0.000	0.000	0.000	292.590	0.000	0.000	0.000	0.000	0.464	3.876	1.149	1.470	-376.800	93.310	0.000	0.100	0.100	762.431	376.800	0.000	0.000	852.287	0.000	0.000	0.000	1.000	-17.800	-30.000	143.200	181.800	17.200
3730818724.715	292.642	292.856	292.559	0.000	292.529	0.000	292.482	292.351	0.000	155.000	166.000	0.000	0.000	0.000	0.000	292.594	0.000	0.000	0.000	0.000	0.161	1.305	3.719	1.500	-376.800	92.430	0.000	0.100	0.100	758.522	376.800	0.000	0.000	871.312	0.000	0.000	0.000	1.000	-17.400	-30.000	143.200	195.900	14.700
3730818726.713	292.636	292.860	292.552	0.000	292.526	0.000	292.478	292.351	0.000	155.000	166.000	0.000	0.000	0.000	0.000	292.595	0.000	0.000	0.000	0.000	-0.142	1.305	3.719	1.470	-376.800	93.125	0.000	0.100	0.100	760.085	376.800	0.000	0.000	864.113	0.000	0.000	0.000	1.000	-17.800	-30.600	143.200	183.100	15.300
3730818728.714	292.644	292.856	292.549	0.000	292.522	0.000	292.473	292.339	0.000	155.000	166.000	0.000	0.000	0.000	0.000	292.593	0.000	0.000	0.000	0.000	0.161	-1.266	-1.422	1.500	-376.800	92.800	0.000	0.100	0.100	760.085	376.800	0.000	0.000	829.148	0.000	0.000	0.000	1.000	-17.400	-30.000	143.600	181.200	16.000
3730818730.714	292.642	292.863	292.564	0.000	292.546	0.000	292.483	292.355	0.000	155.000	166.000	0.000	0.000	0.000	0.000	292.590	0.000	0.000	0.000	0.000	0.161	-1.266	-1.422	1.500	-376.800	92.568	0.000	0.100	0.100	764.777	376.800	0.000	0.000	837.889	0.000	0.000	0.000	1.000	-17.400	-30.000	143.600	190.800	15.300
3730818732.714	292.635	292.856	292.553	0.000	292.531	0.000	292.483	292.358	0.000	155.000	166.000	0.000	0.000	0.000	0.000	292.585	0.000	0.000	0.000	0.000	0.464	1.305	3.719	1.500	-376.800	93.495	0.000	0.100	0.100	761.648	376.800	0.000	0.000	856.400	0.000	0.000	0.000	1.000	-17.800	-30.000	143.800	188.200	15.300
3730818734.714	292.642	292.859	292.556	0.000	292.527	0.000	292.477	292.350	0.000	155.000	166.000	0.000	0.000	0.000	0.000	292.590	0.000	0.000	0.000	0.000	0.161	-1.266	3.719	1.500	-376.800	92.522	0.000	0.100	0.100	761.649	376.800	0.000	0.000	874.912	0.000	0.000	0.000	1.000	-17.800	-30.000	143.800	191.400	16.000
3730818736.713	292.642	292.856	292.553	0.000	292.530	0.000	292.482	292.356	0.000	155.000	166.000	0.000	0.000	0.000	0.000	292.596	0.000	0.000	0.000	0.000	-0.142	1.305	3.719	1.470	-376.800	93.031	0.000	0.100	0.100	754.612	376.800	0.000	0.000	857.429	0.000	0.000	0.000	1.000	-17.400	-30.000	143.800	193.300	16.000
3730818738.714	292.648	292.866	292.561	0.000	292.527	0.000	292.483	292.357	0.000	155.000	166.000	0.000	0.000	0.000	0.000	292.601	0.000	0.000	0.000	0.000	-0.142	-1.266	1.149	1.500	-376.800	92.892	0.000	0.100	0.100	760.867	376.800	0.000	0.000	822.977	0.000	0.000	0.000	1.000	-17.400	-30.000	144.000	182.500	15.300
3730818740.714	292.634	292.865	292.555	0.000	292.529	0.000	292.481	292.353	0.000	155.000	166.000	0.000	0.000	0.000	0.000	292.600	0.000	0.000	0.000	0.000	-0.142	3.876	3.719	1.500	-376.800	92.892	0.000	0.100	0.100	761.649	376.800	0.000	0.000	840.974	0.000	0.000	0.000	1.000	-17.400	-30.000	144.000	179.300	14.000
3730818742.715	292.645	292.870	292.556	0.000	292.529	0.000	292.483	292.357	0.000	155.000	166.000	0.000	0.000	0.000	0.000	292.600	0.000	0.000	0.000	0.000	-0.142	1.305	6.290	1.500	-376.800	93.633	0.000	0.100	0.100	759.303	376.800	0.000	0.000	860.000	0.000	0.000	0.000	1.000	-17.400	-30.000	144.200	187.600	15.300
3730818744.714	292.641	292.876	292.560	0.000	292.526	0.000	292.474	292.356	0.000	155.000	166.000	0.000	0.000	0.000	0.000	292.588	0.000	0.000	0.000	0.000	0.161	3.876	1.149	1.500	-376.800	93.494	0.000	0.100	0.100	759.303	376.800	0.000	0.000	878.511	0.000	0.000	0.000	1.000	-17.400	-30.000	144.800	190.800	15.300
3730818746.714	292.640	292.868	292.551	0.000	292.529	0.000	292.481	292.361	0.000	155.000	166.000	0.000	0.000	0.000	0.000	292.589	0.000	0.000	0.000	0.000	0.161	1.305	1.149	1.530	-376.800	93.540	0.000	0.100	0.100	755.394	376.800	0.000	0.000	850.230	0.000	0.000	0.000	1.000	-17.800	-30.000	145.000	185.000	15.300
3730818748.714	292.648	292.874	292.559	0.000	292.540	0.000	292.478	292.360	0.000	155.000	166.000	0.000	0.000	0.000	0.000	292.593	0.000	0.000	0.000	0.000	-0.142	-1.266	1.149	1.530	-376.800	92.613	0.000	0.100	0.100	758.521	376.800	0.000	0.000	825.034	0.000	0.000	0.000	1.000	-17.400	-29.500	145.000	182.500	16.000
3730818750.713	292.656	292.875	292.555	0.000	292.530	0.000	292.486	292.361	0.000	155.000	166.000	0.000	0.000	0.000	0.000	292.592	0.000	0.000	0.000	0.000	-0.142	-1.266	3.719	1.470	-376.800	92.845	0.000	0.100	0.100	758.521	376.800	0.000	0.000	845.088	0.000	0.000	0.000	1.000	-17.400	-29.500	145.200	183.100	16.000
3730818752.714	292.630	292.855	292.550	0.000	292.527	0.000	292.467	292.343	0.000	155.000	166.000	0.000	0.000	0.000	0.000	292.581	0.000	0.000	0.000	0.000	0.161	-1.266	1.149	1.442	-376.800	92.428	0.000	0.100	0.100	761.649	376.800	0.000	0.000	863.599	0.000	0.000	0.000	1.000	-17.400	-29.500	145.200	187.600	15.300
3730818754.714	292.645	292.882	292.561	0.000	292.536	0.000	292.486	292.364	0.000	155.000	166.000	0.000	0.000	0.000	0.000	292.602	0.000	0.000	0.000	0.000	0.161	1.305	1.149	1.500	-376.800	92.799	0.000	0.100	0.100	763.213	376.800	0.000	0.000	879.540	0.000	0.000	0.000	1.000	-17.400	-30.000	145.200	184.400	14.700
3730818756.714	292.653	292.878	292.562	0.000	292.538	0.000	292.489	292.361	0.000	155.000	166.000	0.000	0.000	0.000	0.000	292.594	0.000	0.000	0.000	0.000	-0.445	-1.266	3.719	1.500	-376.800	92.891	0.000	0.100	0.100	761.649	376.800	0.000	0.000	843.545	0.000	0.000	0.000	1.000	-17.800	-30.000	145.200	179.300	14.000
3730818758.715	292.643	292.878	292.561	0.000	292.530	0.000	292.483	292.364	0.000	155.000	166.000	0.000	0.000	0.000	0.000	292.591	0.000	0.000	0.000	0.000	-0.142	1.305	3.719	1.470	-376.800	92.937	0.000	0.100	0.100	763.213	376.800	0.000	0.000	829.148	0.000	0.000	0.000	1.000	-17.400	-29.500	145.200	184.400	16.000
3730818760.714	292.649	292.873	292.564	0.000	292.534	0.000	292.487	292.360	0.000	155.000	166.000	0.000	0.000	0.000	0.000	292.596	0.000	0.000	0.000	0.000	-0.142	-1.266	1.149	1.470	-376.800	92.659	0.000	0.100	0.100	754.612	376.800	0.000	0.000	848.687	0.000	0.000	0.000	1.000	-17.400	-30.000	145.500	183.100	14.700
3730818762.715	292.655	292.869	292.562	0.000	292.540	0.000	292.486	292.352	0.000	155.000	166.000	0.000	0.000	0.000	0.000	292.605	0.000	0.000	0.000	0.000	0.161	-1.266	-1.422	1.470	-376.800	92.567	0.000	0.100	0.100	755.394	376.800	0.000	0.000	866.684	0.000	0.000	0.000	1.000	-17.400	-29.500	145.700	185.700	14.700
3730818764.715	292.651	292.877	292.569	0.000	292.534	0.000	292.481	292.361	0.000	155.000	166.000	0.000	0.000	0.000	0.000	292.597	0.000	0.000	0.000	0.000	-0.142	1.305	1.149	1.500	-376.800	92.613	0.000	0.100	0.100	753.830	376.800	0.000	0.000	871.827	0.000	0.000	0.000	1.000	-17.800	-30.000	145.700	175.500	15.300
3730818766.714	292.647	292.878	292.559	0.000	292.525	0.000	292.482	292.351	0.000	155.000	166.000	0.000	0.000	0.000	0.000	292.590	0.000	0.000	0.000	0.000	-0.142	1.305	1.149	1.500	-376.800	93.170	0.000	0.100	0.100	752.266	376.800	0.000	0.000	837.889	0.000	0.000	0.000	1.000	-17.400	-29.500	145.700	178.000	15.300
3730818768.715	292.647	292.877	292.560	0.000	292.531	0.000	292.476	292.355	0.000	155.000	166.000	0.000	0.000	0.000	0.000	292.593	0.000	0.000	0.000	0.000	0.161	1.305	6.290	1.500	-376.800	92.938	0.000	0.100	0.100	757.739	376.800	0.000	0.000	833.261	0.000	0.000	0.000	1.000	-17.400	-29.500	146.000	183.100	14.700
3730818770.714	292.638	292.875	292.555	0.000	292.530	0.000	292.478	292.350	0.000	155.000	166.000	0.000	0.000	0.000	0.000	292.597	0.000	0.000	0.000	0.000	0.161	-3.836	1.149	1.500	-376.800	92.568	0.000	0.100	0.100	767.122	376.800	0.000	0.000	852.801	0.000	0.000	0.000	1.000	-17.800	-29.500	146.000	177.400	12.800
3730818772.713	292.640	292.870	292.556	0.000	292.532	0.000	292.489	292.355	0.000	155.000	166.000	0.000	0.000	0.000	0.000	292.589	0.000	0.000	0.000	0.000	-0.142	1.305	1.149	1.442	-376.800	92.846	0.000	0.100	0.100	760.867	376.800	0.000	0.000	870.284	0.000	0.000	0.000	1.000	-17.800	-29.500	146.000	183.700	15.300
3730818774.714	292.640	292.879	292.560	0.000	292.533	0.000	292.491	292.353	0.000	155.000	166.000	0.000	0.000	0.000	0.000	292.593	0.000	0.000	0.000	0.000	0.161	-1.266	-1.422	1.470	-376.800	93.310	0.000	0.100	0.100	760.085	376.800	0.000	0.000	864.628	0.000	0.000	0.000	1.000	-17.400	-29.500	146.200	174.800	15.300
3730818776.715	292.643	292.873	292.555	0.000	292.537	0.000	292.476	292.350	0.000	155.000	166.000	0.000	0.000	0.000	0.000	292.607	0.000	0.000	0.000	0.000	0.161	-3.836	3.719	1.500	-376.800	93.403	0.000	0.100	0.100	759.303	376.800	0.000	0.000	830.690	0.000	0.000	0.000	1.000	-17.400	-29.500	146.200	182.500	15.300
3730818778.715	292.642	292.881	292.561	0.000	292.532	0.000	292.480	292.353	0.000	155.000	166.000	0.000	0.000	0.000	0.000	292.593	0.000	0.000	0.000	0.000	-0.142	1.305	-1.422	1.470	-376.800	92.939	0.000	0.100	0.100	756.176	376.800	0.000	0.000	836.346	0.000	0.000	0.000	1.000	-17.400	-29.500	146.200	181.800	14.000
3730818780.713	292.628	292.860	292.540	0.000	292.526	0.000	292.472	292.348	0.000	155.000	166.000	0.000	0.000	0.000	0.000	292.585	0.000	0.000	0.000	0.000	-0.142	-1.266	1.149	1.500	-376.800	93.079	0.000	0.100	0.100	761.649	376.800	0.000	0.000	855.886	0.000	0.000	0.000	1.000	-17.800	-29.500	146.400	177.400	12.100
